MEME version 4
ALPHABET= ACGT

MOTIF motif_s/_237 16-CCCCGA 
letter-probability matrix: alength= 4 w= 10 nsites= 20 E= 1e-12 
0.17	0.001	0.001	0.828
0.001	0.001	0.895	0.103
0.001	0.001	0.103	0.895
0.001	0.828	0.17	0.001
0.001	0.828	0.001	0.17
0.138	0.86	0.001	0.001
0.001	0.997	0.001	0.001
0.015	0.969	0.015	0.001
0.997	0.001	0.001	0.001
0.17	0.001	0.659	0.17

MOTIF motif_s/_173 10-CGCTAGAGGG 
letter-probability matrix: alength= 4 w= 10 nsites= 20 E= 1e-43 
0.103	0.786	0.043	0.068
0.16	0.001	0.793	0.046
0.107	0.73	0.063	0.1
0.109	0.317	0.045	0.529
0.941	0.011	0.047	0.001
0.053	0.014	0.869	0.064
0.674	0.101	0.124	0.101
0.047	0.029	0.602	0.322
0.101	0.162	0.585	0.152
0.165	0.058	0.605	0.172

MOTIF motif_s/_172 7-STGTTTAGTC 
letter-probability matrix: alength= 4 w= 10 nsites= 20 E= 1e-47 
0.011	0.369	0.474	0.146
0.168	0.053	0.001	0.778
0.001	0.071	0.885	0.043
0.01	0.001	0.056	0.933
0.001	0.239	0.001	0.759
0.031	0.063	0.041	0.865
0.857	0.001	0.006	0.136
0.011	0.12	0.784	0.085
0.129	0.09	0.006	0.775
0.166	0.514	0.032	0.288

MOTIF motif_s/_40 1-GTATAAAAASVV 
letter-probability matrix: alength= 4 w= 12 nsites= 20 E= 1e-301 
0.219	0.254	0.455	0.072
0.016	0.056	0.044	0.884
0.884	0.009	0.004	0.103
0.004	0.008	0.04	0.948
0.976	0.008	0.004	0.012
0.667	0.001	0.043	0.289
0.976	0.004	0.016	0.004
0.679	0.001	0.083	0.237
0.458	0.115	0.295	0.131
0.195	0.259	0.373	0.172
0.29	0.219	0.347	0.144
0.229	0.253	0.37	0.147

MOTIF motif_s/_170 8-AGCATCTCCGAC 
letter-probability matrix: alength= 4 w= 12 nsites= 20 E= 1e-55 
0.99	0.001	0.008	0.001
0.001	0.001	0.997	0.001
0.001	0.678	0.091	0.23
0.997	0.001	0.001	0.001
0.001	0.009	0.009	0.981
0.001	0.997	0.001	0.001
0.017	0.001	0.001	0.981
0.001	0.99	0.001	0.008
0.001	0.99	0.001	0.008
0.001	0.008	0.99	0.001
0.997	0.001	0.001	0.001
0.001	0.99	0.001	0.008

MOTIF motif_s/_155 15-ACACGTGT 
letter-probability matrix: alength= 4 w= 8 nsites= 20 E= 1e-26 
0.818	0.094	0.087	0.001
0.001	0.869	0.129	0.001
0.997	0.001	0.001	0.001
0.001	0.997	0.001	0.001
0.001	0.001	0.997	0.001
0.001	0.001	0.001	0.997
0.001	0.001	0.997	0.001
0.001	0.093	0.202	0.704

MOTIF motif_s/_154 16-CAACATGAAG 
letter-probability matrix: alength= 4 w= 10 nsites= 20 E= 1e-26 
0.001	0.979	0.012	0.008
0.997	0.001	0.001	0.001
0.906	0.001	0.001	0.092
0.098	0.827	0.045	0.03
0.997	0.001	0.001	0.001
0.022	0.001	0.001	0.976
0.001	0.027	0.964	0.008
0.951	0.047	0.001	0.001
0.997	0.001	0.001	0.001
0.153	0.03	0.75	0.067

MOTIF motif_s/_157 19-CGTGAAACGAGG 
letter-probability matrix: alength= 4 w= 12 nsites= 20 E= 1e-24 
0.098	0.652	0.163	0.087
0.207	0.065	0.63	0.098
0.206	0.032	0.108	0.654
0.088	0.054	0.793	0.065
0.933	0.001	0.044	0.022
0.762	0.011	0.216	0.011
0.848	0.032	0.001	0.119
0.25	0.663	0.044	0.043
0.065	0.022	0.75	0.163
0.751	0.054	0.001	0.194
0.022	0.001	0.783	0.194
0.25	0.141	0.489	0.119

MOTIF motif_s/_156 17-CCTAGACGCAGC 
letter-probability matrix: alength= 4 w= 12 nsites= 20 E= 1e-24 
0.001	0.73	0.268	0.001
0.001	0.997	0.001	0.001
0.17	0.201	0.001	0.628
0.646	0.001	0.001	0.352
0.001	0.001	0.997	0.001
0.932	0.066	0.001	0.001
0.001	0.797	0.001	0.201
0.067	0.001	0.865	0.067
0.272	0.726	0.001	0.001
0.997	0.001	0.001	0.001
0.001	0.001	0.997	0.001
0.066	0.932	0.001	0.001

MOTIF motif_s/_151 12-AKTSTY 
letter-probability matrix: alength= 4 w= 6 nsites= 20 E= 1e-30 
0.972	0.006	0.001	0.021
0.005	0.173	0.463	0.36
0.001	0.072	0.177	0.75
0.002	0.37	0.435	0.194
0.001	0.068	0.207	0.724
0.147	0.39	0.001	0.462

MOTIF motif_s/_150 13-TGCTGTTTAG 
letter-probability matrix: alength= 4 w= 10 nsites= 20 E= 1e-30 
0.047	0.015	0.001	0.937
0.295	0.009	0.676	0.02
0.001	0.972	0.015	0.012
0.047	0.02	0.009	0.924
0.015	0.001	0.965	0.019
0.013	0.009	0.013	0.965
0.001	0.031	0.001	0.967
0.031	0.009	0.029	0.931
0.986	0.012	0.001	0.001
0.02	0.036	0.875	0.069

MOTIF motif_s/_153 13-TTTGACAG 
letter-probability matrix: alength= 4 w= 8 nsites= 20 E= 1e-27 
0.001	0.081	0.001	0.917
0.001	0.001	0.001	0.997
0.001	0.001	0.001	0.997
0.001	0.001	0.997	0.001
0.997	0.001	0.001	0.001
0.001	0.997	0.001	0.001
0.997	0.001	0.001	0.001
0.001	0.186	0.693	0.12

MOTIF motif_s/_152 14-CAACAACTGC 
letter-probability matrix: alength= 4 w= 10 nsites= 20 E= 1e-29 
0.001	0.958	0.04	0.001
0.899	0.001	0.086	0.014
0.997	0.001	0.001	0.001
0.001	0.997	0.001	0.001
0.997	0.001	0.001	0.001
0.997	0.001	0.001	0.001
0.001	0.997	0.001	0.001
0.001	0.001	0.001	0.997
0.001	0.077	0.858	0.064
0.001	0.997	0.001	0.001

MOTIF motif_s/_36 20-CGAGTGTCTTCA 
letter-probability matrix: alength= 4 w= 12 nsites= 20 E= 1e-17 
0.067	0.843	0.045	0.045
0.046	0.023	0.908	0.023
0.888	0.001	0.044	0.067
0.045	0.09	0.776	0.089
0.045	0.045	0.045	0.865
0.001	0.156	0.754	0.089
0.067	0.023	0.045	0.865
0.09	0.774	0.067	0.069
0.044	0.001	0.089	0.866
0.045	0.022	0.089	0.844
0.067	0.821	0.067	0.045
0.821	0.022	0.046	0.111

MOTIF motif_s/_159 21-CTAGTGTCTTCA 
letter-probability matrix: alength= 4 w= 12 nsites= 20 E= 1e-18 
0.02	0.84	0.06	0.08
0.141	0.021	0.134	0.704
0.879	0.06	0.021	0.04
0.001	0.16	0.779	0.06
0.08	0.06	0.001	0.859
0.02	0.04	0.86	0.08
0.04	0.04	0.001	0.919
0.1	0.719	0.041	0.14
0.08	0.04	0.06	0.82
0.1	0.02	0.001	0.879
0.04	0.92	0.02	0.02
0.84	0.08	0.04	0.04

MOTIF motif_s/_158 17-TGACGTTT 
letter-probability matrix: alength= 4 w= 8 nsites= 20 E= 1e-21 
0.001	0.001	0.001	0.997
0.001	0.001	0.764	0.234
0.997	0.001	0.001	0.001
0.09	0.908	0.001	0.001
0.001	0.001	0.997	0.001
0.001	0.001	0.001	0.997
0.047	0.001	0.149	0.803
0.001	0.001	0.001	0.997

MOTIF motif_s/_28 12-CTGTTTAGTT 
letter-probability matrix: alength= 4 w= 10 nsites= 20 E= 1e-45 
0.118	0.496	0.222	0.164
0.258	0.108	0.139	0.496
0.059	0.114	0.695	0.132
0.067	0.118	0.157	0.658
0.065	0.142	0.103	0.69
0.139	0.207	0.063	0.591
0.739	0.084	0.057	0.12
0.05	0.197	0.642	0.111
0.173	0.15	0.067	0.61
0.187	0.211	0.083	0.519

MOTIF motif_s/_29 10-GGYAACAACTKC 
letter-probability matrix: alength= 4 w= 12 nsites= 20 E= 1e-42 
0.119	0.001	0.879	0.001
0.001	0.001	0.944	0.054
0.084	0.4	0.001	0.515
0.997	0.001	0.001	0.001
0.997	0.001	0.001	0.001
0.001	0.996	0.002	0.001
0.957	0.001	0.041	0.001
0.951	0.001	0.006	0.042
0.001	0.915	0.001	0.083
0.042	0.084	0.001	0.873
0.042	0.052	0.523	0.383
0.001	0.957	0.001	0.041

MOTIF motif_s/_20 15-CACCAC 
letter-probability matrix: alength= 4 w= 6 nsites= 20 E= 1e-13 
0.082	0.916	0.001	0.001
0.984	0.001	0.014	0.001
0.001	0.997	0.001	0.001
0.016	0.982	0.001	0.001
0.997	0.001	0.001	0.001
0.001	0.997	0.001	0.001

MOTIF motif_s/_21 1-GTATAAAAGG 
letter-probability matrix: alength= 4 w= 10 nsites= 20 E= 1e-307 
0.192	0.115	0.642	0.051
0.001	0.011	0.016	0.972
0.922	0.014	0.017	0.047
0.014	0.008	0.013	0.965
0.954	0.016	0.006	0.024
0.675	0.011	0.015	0.299
0.951	0.017	0.021	0.011
0.803	0.029	0.046	0.122
0.329	0.052	0.539	0.08
0.154	0.224	0.581	0.041

MOTIF motif_s/_22 1-DTCAGTCG 
letter-probability matrix: alength= 4 w= 8 nsites= 20 E= 1e-293 
0.224	0.17	0.351	0.254
0.001	0.001	0.257	0.741
0.001	0.997	0.001	0.001
0.997	0.001	0.001	0.001
0.001	0.001	0.997	0.001
0.257	0.001	0.001	0.741
0.037	0.589	0.001	0.373
0.038	0.045	0.84	0.077

MOTIF motif_s/_23 4-TGGCAACGTTGC 
letter-probability matrix: alength= 4 w= 12 nsites= 20 E= 1e-134 
0.018	0.061	0.024	0.897
0.012	0.012	0.947	0.029
0.059	0.001	0.928	0.012
0.011	0.987	0.001	0.001
0.987	0.001	0.011	0.001
0.926	0.001	0.05	0.023
0.011	0.831	0.001	0.157
0.106	0.059	0.788	0.047
0.035	0.27	0.031	0.664
0.111	0.226	0.071	0.592
0.047	0.047	0.835	0.071
0.161	0.507	0.054	0.278

MOTIF motif_s/_24 4-GTCTGCTA 
letter-probability matrix: alength= 4 w= 8 nsites= 20 E= 1e-117 
0.001	0.001	0.997	0.001
0.001	0.101	0.001	0.897
0.001	0.997	0.001	0.001
0.001	0.001	0.001	0.997
0.001	0.001	0.997	0.001
0.001	0.997	0.001	0.001
0.001	0.001	0.001	0.997
0.692	0.001	0.001	0.306

MOTIF motif_s/_25 8-CWAGATGGCG 
letter-probability matrix: alength= 4 w= 10 nsites= 20 E= 1e-84 
0.227	0.497	0.142	0.134
0.425	0.239	0.009	0.328
0.901	0.06	0.014	0.025
0.174	0.1	0.652	0.074
0.78	0.009	0.168	0.043
0.074	0.014	0.095	0.817
0.046	0.006	0.926	0.022
0.087	0.032	0.749	0.132
0.098	0.796	0.025	0.081
0.109	0.079	0.615	0.197

MOTIF motif_s/_26 7-GGGTGATAAAAA 
letter-probability matrix: alength= 4 w= 12 nsites= 20 E= 1e-54 
0.126	0.001	0.872	0.001
0.001	0.126	0.872	0.001
0.126	0.001	0.872	0.001
0.001	0.001	0.001	0.997
0.185	0.038	0.776	0.001
0.997	0.001	0.001	0.001
0.001	0.007	0.405	0.587
0.617	0.128	0.254	0.001
0.997	0.001	0.001	0.001
0.997	0.001	0.001	0.001
0.872	0.126	0.001	0.001
0.997	0.001	0.001	0.001

MOTIF motif_s/_27 8-GCATCTCCGACA 
letter-probability matrix: alength= 4 w= 12 nsites= 20 E= 1e-48 
0.001	0.001	0.989	0.009
0.001	0.707	0.092	0.2
0.989	0.001	0.009	0.001
0.001	0.009	0.001	0.989
0.001	0.997	0.001	0.001
0.019	0.001	0.001	0.979
0.001	0.989	0.001	0.009
0.001	0.989	0.001	0.009
0.01	0.01	0.97	0.01
0.989	0.001	0.001	0.009
0.001	0.997	0.001	0.001
0.962	0.036	0.001	0.001

MOTIF motif_s/_120 10-ACAACTGCAGHR 
letter-probability matrix: alength= 4 w= 12 nsites= 20 E= 1e-49 
0.749	0.057	0.057	0.137
0.025	0.56	0.258	0.157
0.579	0.169	0.215	0.037
0.675	0.021	0.19	0.114
0.171	0.491	0.032	0.306
0.059	0.064	0.032	0.845
0.064	0.043	0.553	0.34
0.043	0.688	0.219	0.05
0.482	0.185	0.027	0.306
0.055	0.041	0.845	0.059
0.269	0.418	0.037	0.276
0.438	0.185	0.315	0.062

MOTIF motif_s/_121 10-YTGTTTAS 
letter-probability matrix: alength= 4 w= 8 nsites= 20 E= 1e-45 
0.071	0.341	0.197	0.39
0.125	0.025	0.037	0.813
0.07	0.001	0.846	0.083
0.001	0.063	0.082	0.854
0.001	0.068	0.001	0.93
0.036	0.001	0.001	0.962
0.918	0.001	0.08	0.001
0.077	0.42	0.345	0.159

MOTIF motif_s/_122 10-GTTAGT 
letter-probability matrix: alength= 4 w= 6 nsites= 20 E= 1e-43 
0.001	0.167	0.595	0.237
0.001	0.24	0.001	0.758
0.001	0.001	0.001	0.997
0.997	0.001	0.001	0.001
0.001	0.001	0.997	0.001
0.001	0.001	0.001	0.997

MOTIF motif_s/_123 12-GAGAAAAGGYKA 
letter-probability matrix: alength= 4 w= 12 nsites= 20 E= 1e-38 
0.071	0.001	0.927	0.001
0.985	0.005	0.009	0.001
0.01	0.005	0.912	0.073
0.638	0.001	0.36	0.001
0.997	0.001	0.001	0.001
0.984	0.014	0.001	0.001
0.85	0.072	0.001	0.077
0.001	0.015	0.979	0.005
0.077	0.001	0.67	0.252
0.145	0.483	0.001	0.371
0.001	0.226	0.33	0.442
0.839	0.001	0.001	0.159

MOTIF motif_s/_168 6-AAGATGGCGG 
letter-probability matrix: alength= 4 w= 10 nsites= 20 E= 1e-92 
0.514	0.072	0.145	0.269
0.864	0.032	0.004	0.1
0.21	0.097	0.643	0.05
0.871	0.004	0.121	0.004
0.041	0.001	0.059	0.899
0.024	0.036	0.929	0.011
0.018	0.039	0.803	0.14
0.053	0.811	0.01	0.126
0.075	0.098	0.591	0.236
0.147	0.109	0.511	0.233

MOTIF motif_s/_125 10-CGCGAGTGTC 
letter-probability matrix: alength= 4 w= 10 nsites= 20 E= 1e-31 
0.175	0.727	0.097	0.001
0.001	0.001	0.689	0.309
0.001	0.808	0.001	0.19
0.359	0.001	0.514	0.126
0.997	0.001	0.001	0.001
0.001	0.333	0.665	0.001
0.001	0.003	0.001	0.995
0.001	0.253	0.6	0.146
0.001	0.044	0.001	0.954
0.001	0.917	0.001	0.081

MOTIF motif_s/_95 11-CTGTTTAC 
letter-probability matrix: alength= 4 w= 8 nsites= 20 E= 1e-51 
0.001	0.918	0.017	0.064
0.001	0.001	0.001	0.997
0.001	0.001	0.997	0.001
0.001	0.001	0.001	0.997
0.001	0.001	0.001	0.997
0.001	0.001	0.001	0.997
0.997	0.001	0.001	0.001
0.001	0.968	0.001	0.03

MOTIF motif_s/_94 7-TTGTCAGTTC 
letter-probability matrix: alength= 4 w= 10 nsites= 20 E= 1e-53 
0.099	0.118	0.101	0.682
0.092	0.095	0.1	0.713
0.123	0.122	0.633	0.122
0.126	0.089	0.086	0.699
0.064	0.713	0.096	0.127
0.722	0.08	0.076	0.122
0.096	0.102	0.693	0.109
0.088	0.095	0.073	0.744
0.076	0.071	0.083	0.77
0.102	0.635	0.109	0.154

MOTIF motif_s/_97 10-CGGCAACAACTG 
letter-probability matrix: alength= 4 w= 12 nsites= 20 E= 1e-47 
0.01	0.988	0.001	0.001
0.055	0.001	0.933	0.011
0.033	0.001	0.911	0.055
0.022	0.945	0.011	0.022
0.997	0.001	0.001	0.001
0.997	0.001	0.001	0.001
0.001	0.988	0.01	0.001
0.997	0.001	0.001	0.001
0.957	0.011	0.031	0.001
0.001	0.988	0.001	0.01
0.001	0.022	0.011	0.966
0.011	0.001	0.977	0.011

MOTIF motif_s/_96 9-GGGTGAGAAAAA 
letter-probability matrix: alength= 4 w= 12 nsites= 20 E= 1e-47 
0.01	0.001	0.988	0.001
0.001	0.001	0.997	0.001
0.01	0.001	0.988	0.001
0.001	0.001	0.001	0.997
0.001	0.001	0.997	0.001
0.997	0.001	0.001	0.001
0.001	0.01	0.709	0.28
0.783	0.215	0.001	0.001
0.997	0.001	0.001	0.001
0.997	0.001	0.001	0.001
0.988	0.01	0.001	0.001
0.997	0.001	0.001	0.001

MOTIF motif_s/_124 15-MAACATGG 
letter-probability matrix: alength= 4 w= 8 nsites= 20 E= 1e-35 
0.472	0.526	0.001	0.001
0.997	0.001	0.001	0.001
0.482	0.243	0.001	0.274
0.001	0.997	0.001	0.001
0.997	0.001	0.001	0.001
0.001	0.001	0.001	0.997
0.001	0.001	0.997	0.001
0.043	0.007	0.949	0.001

MOTIF motif_s/_90 2-NNTCAGTCGW 
letter-probability matrix: alength= 4 w= 10 nsites= 20 E= 1e-258 
0.237	0.298	0.261	0.204
0.278	0.155	0.289	0.278
0.116	0.121	0.294	0.469
0.001	0.972	0.001	0.026
0.975	0.004	0.009	0.012
0.001	0.001	0.937	0.061
0.361	0.029	0.001	0.609
0.211	0.55	0.001	0.238
0.269	0.065	0.446	0.22
0.287	0.168	0.182	0.363

MOTIF motif_s/_126 16-TTTGACAG 
letter-probability matrix: alength= 4 w= 8 nsites= 20 E= 1e-29 
0.001	0.079	0.001	0.919
0.001	0.093	0.001	0.905
0.001	0.001	0.001	0.997
0.001	0.001	0.997	0.001
0.997	0.001	0.001	0.001
0.001	0.997	0.001	0.001
0.997	0.001	0.001	0.001
0.096	0.133	0.633	0.138

MOTIF motif_s/_127 13-RSACGTGTTT 
letter-probability matrix: alength= 4 w= 10 nsites= 20 E= 1e-29 
0.51	0.082	0.369	0.039
0.176	0.445	0.364	0.014
0.863	0.042	0.066	0.029
0.294	0.61	0.037	0.059
0.05	0.203	0.7	0.047
0.176	0.036	0.126	0.662
0.058	0.06	0.854	0.028
0.145	0.238	0.168	0.449
0.146	0.041	0.321	0.492
0.022	0.183	0.309	0.485

MOTIF motif_s/_128 15-AATGGCGGAT 
letter-probability matrix: alength= 4 w= 10 nsites= 20 E= 1e-28 
0.805	0.027	0.001	0.167
0.987	0.001	0.001	0.011
0.001	0.001	0.001	0.997
0.02	0.001	0.978	0.001
0.064	0.001	0.924	0.011
0.043	0.955	0.001	0.001
0.001	0.001	0.981	0.017
0.046	0.043	0.89	0.021
0.819	0.08	0.021	0.08
0.118	0.086	0.021	0.775

MOTIF motif_s/_129 17-CCGCTAGA 
letter-probability matrix: alength= 4 w= 8 nsites= 20 E= 1e-24 
0.001	0.997	0.001	0.001
0.001	0.997	0.001	0.001
0.001	0.001	0.864	0.134
0.001	0.997	0.001	0.001
0.001	0.001	0.001	0.997
0.997	0.001	0.001	0.001
0.001	0.001	0.997	0.001
0.837	0.001	0.161	0.001

MOTIF motif_s/_92 5-CAAGATGGCG 
letter-probability matrix: alength= 4 w= 10 nsites= 20 E= 1e-88 
0.233	0.533	0.099	0.135
0.612	0.132	0.024	0.232
0.969	0.018	0.001	0.012
0.163	0.154	0.623	0.06
0.896	0.012	0.091	0.001
0.012	0.01	0.071	0.907
0.064	0.047	0.853	0.036
0.106	0.007	0.791	0.096
0.127	0.739	0.024	0.11
0.067	0.156	0.567	0.21

MOTIF motif_s/_99 10-CCGCTAGAKG 
letter-probability matrix: alength= 4 w= 10 nsites= 20 E= 1e-39 
0.323	0.521	0.069	0.087
0.001	0.997	0.001	0.001
0.063	0.001	0.726	0.21
0.063	0.829	0.045	0.063
0.001	0.001	0.001	0.997
0.978	0.001	0.02	0.001
0.02	0.001	0.978	0.001
0.997	0.001	0.001	0.001
0.001	0.042	0.527	0.43
0.194	0.086	0.445	0.276

MOTIF motif_s/_98 11-AGAGAAAAGGCG 
letter-probability matrix: alength= 4 w= 12 nsites= 20 E= 1e-41 
0.987	0.011	0.001	0.001
0.011	0.001	0.987	0.001
0.987	0.011	0.001	0.001
0.012	0.012	0.975	0.001
0.997	0.001	0.001	0.001
0.997	0.001	0.001	0.001
0.987	0.001	0.001	0.011
0.997	0.001	0.001	0.001
0.025	0.001	0.962	0.012
0.001	0.001	0.754	0.244
0.001	0.962	0.001	0.036
0.037	0.091	0.822	0.05

MOTIF motif_s/_51 12-CCGCTAGAGG 
letter-probability matrix: alength= 4 w= 10 nsites= 20 E= 1e-35 
0.089	0.822	0.074	0.015
0.001	0.984	0.014	0.001
0.014	0.001	0.984	0.001
0.015	0.896	0.074	0.015
0.001	0.001	0.001	0.997
0.997	0.001	0.001	0.001
0.014	0.001	0.984	0.001
0.969	0.001	0.029	0.001
0.018	0.042	0.622	0.318
0.015	0.059	0.882	0.044

MOTIF motif_s/_19 22-GTCTTCAGGGAC 
letter-probability matrix: alength= 4 w= 12 nsites= 20 E= 1e-15 
0.001	0.001	0.997	0.001
0.001	0.001	0.001	0.997
0.001	0.997	0.001	0.001
0.001	0.001	0.001	0.997
0.001	0.001	0.001	0.997
0.001	0.997	0.001	0.001
0.997	0.001	0.001	0.001
0.203	0.001	0.795	0.001
0.011	0.001	0.987	0.001
0.001	0.001	0.997	0.001
0.591	0.204	0.204	0.001
0.001	0.585	0.001	0.413

MOTIF motif_s/_18 20-TTCAAACCTCAT 
letter-probability matrix: alength= 4 w= 12 nsites= 20 E= 1e-19 
0.001	0.001	0.001	0.997
0.145	0.001	0.001	0.853
0.001	0.997	0.001	0.001
0.997	0.001	0.001	0.001
0.853	0.001	0.001	0.145
0.853	0.001	0.001	0.145
0.202	0.729	0.068	0.001
0.001	0.997	0.001	0.001
0.001	0.001	0.29	0.708
0.001	0.997	0.001	0.001
0.853	0.001	0.001	0.145
0.001	0.001	0.001	0.997

MOTIF motif_s/_165 1-NNKCAGTYGN 
letter-probability matrix: alength= 4 w= 10 nsites= 20 E= 1e-308 
0.272	0.265	0.209	0.254
0.303	0.173	0.244	0.28
0.164	0.211	0.242	0.382
0.188	0.81	0.001	0.001
0.997	0.001	0.001	0.001
0.019	0.13	0.82	0.031
0.334	0.077	0.001	0.588
0.137	0.49	0.001	0.372
0.15	0.182	0.456	0.212
0.237	0.218	0.237	0.307

MOTIF motif_s/_15 17-TCGTGAAAMGAG 
letter-probability matrix: alength= 4 w= 12 nsites= 20 E= 1e-25 
0.001	0.001	0.001	0.997
0.001	0.796	0.116	0.087
0.019	0.001	0.896	0.084
0.168	0.001	0.001	0.83
0.086	0.001	0.912	0.001
0.997	0.001	0.001	0.001
0.997	0.001	0.001	0.001
0.575	0.001	0.001	0.423
0.43	0.568	0.001	0.001
0.171	0.001	0.825	0.003
0.659	0.001	0.084	0.256
0.001	0.001	0.997	0.001

MOTIF motif_s/_14 15-ACACGTGTTT 
letter-probability matrix: alength= 4 w= 10 nsites= 20 E= 1e-26 
0.77	0.075	0.118	0.037
0.104	0.76	0.081	0.055
0.862	0.046	0.029	0.063
0.049	0.737	0.077	0.137
0.024	0.045	0.781	0.15
0.041	0.044	0.036	0.879
0.055	0.034	0.853	0.058
0.033	0.065	0.071	0.831
0.067	0.095	0.077	0.761
0.09	0.06	0.079	0.771

MOTIF motif_s/_17 19-CCWAGACGCAGC 
letter-probability matrix: alength= 4 w= 12 nsites= 20 E= 1e-20 
0.112	0.886	0.001	0.001
0.001	0.997	0.001	0.001
0.512	0.001	0.001	0.486
0.744	0.001	0.001	0.254
0.001	0.001	0.997	0.001
0.886	0.001	0.112	0.001
0.001	0.773	0.001	0.225
0.112	0.001	0.886	0.001
0.225	0.773	0.001	0.001
0.997	0.001	0.001	0.001
0.001	0.001	0.997	0.001
0.001	0.886	0.001	0.112

MOTIF motif_s/_16 16-TGTCAAAA 
letter-probability matrix: alength= 4 w= 8 nsites= 20 E= 1e-21 
0.001	0.001	0.001	0.997
0.001	0.001	0.997	0.001
0.001	0.001	0.001	0.997
0.001	0.997	0.001	0.001
0.997	0.001	0.001	0.001
0.886	0.001	0.112	0.001
0.775	0.104	0.001	0.12
0.796	0.001	0.001	0.202

MOTIF motif_s/_11 13-GAGAAAAGGCGA 
letter-probability matrix: alength= 4 w= 12 nsites= 20 E= 1e-38 
0.001	0.001	0.997	0.001
0.986	0.001	0.012	0.001
0.001	0.001	0.997	0.001
0.986	0.012	0.001	0.001
0.997	0.001	0.001	0.001
0.973	0.013	0.001	0.013
0.997	0.001	0.001	0.001
0.013	0.013	0.961	0.013
0.001	0.001	0.718	0.28
0.001	0.96	0.001	0.038
0.013	0.131	0.83	0.026
0.96	0.001	0.001	0.038

MOTIF motif_s/_10 10-CGCTAGAGGG 
letter-probability matrix: alength= 4 w= 10 nsites= 20 E= 1e-39 
0.089	0.821	0.055	0.035
0.097	0.018	0.844	0.041
0.057	0.811	0.056	0.076
0.074	0.142	0.062	0.722
0.914	0.019	0.048	0.019
0.026	0.03	0.859	0.085
0.812	0.066	0.063	0.059
0.023	0.014	0.794	0.169
0.111	0.115	0.689	0.085
0.148	0.029	0.74	0.083

MOTIF motif_s/_13 12-TTGTGAATTT 
letter-probability matrix: alength= 4 w= 10 nsites= 20 E= 1e-29 
0.001	0.089	0.015	0.895
0.024	0.074	0.001	0.901
0.088	0.125	0.656	0.131
0.049	0.047	0.001	0.903
0.078	0.176	0.647	0.099
0.951	0.035	0.001	0.013
0.606	0.168	0.113	0.113
0.054	0.06	0.095	0.791
0.001	0.016	0.001	0.982
0.102	0.06	0.17	0.668

MOTIF motif_s/_12 14-CAACTGCAGTGC 
letter-probability matrix: alength= 4 w= 12 nsites= 20 E= 1e-34 
0.1	0.62	0.171	0.109
0.639	0.094	0.15	0.117
0.624	0.007	0.241	0.128
0.012	0.739	0.077	0.172
0.204	0.118	0.151	0.527
0.099	0.102	0.512	0.287
0.055	0.838	0.036	0.071
0.71	0.04	0.108	0.142
0.125	0.081	0.709	0.085
0.074	0.261	0.068	0.597
0.157	0.098	0.48	0.265
0.186	0.576	0.102	0.136

MOTIF motif_s/_52 13-TACTGTTTAG 
letter-probability matrix: alength= 4 w= 10 nsites= 20 E= 1e-34 
0.132	0.007	0.049	0.812
0.646	0.016	0.27	0.068
0.007	0.985	0.001	0.007
0.007	0.013	0.001	0.979
0.001	0.001	0.95	0.048
0.001	0.012	0.001	0.986
0.001	0.012	0.001	0.986
0.001	0.007	0.013	0.979
0.997	0.001	0.001	0.001
0.001	0.039	0.944	0.016

MOTIF motif_s/_160 22-AATCAGTCGAGT 
letter-probability matrix: alength= 4 w= 12 nsites= 20 E= 1e-18 
0.927	0.071	0.001	0.001
0.783	0.144	0.001	0.072
0.085	0.144	0.078	0.693
0.157	0.679	0.001	0.163
0.764	0.001	0.072	0.163
0.013	0.151	0.679	0.157
0.149	0.078	0.001	0.772
0.001	0.776	0.001	0.222
0.001	0.001	0.927	0.071
0.997	0.001	0.001	0.001
0.001	0.001	0.997	0.001
0.001	0.001	0.001	0.997

MOTIF motif_s/_161 22-GATTCAAAAC 
letter-probability matrix: alength= 4 w= 10 nsites= 20 E= 1e-16 
0.001	0.084	0.914	0.001
0.997	0.001	0.001	0.001
0.001	0.001	0.001	0.997
0.015	0.001	0.001	0.983
0.001	0.997	0.001	0.001
0.997	0.001	0.001	0.001
0.997	0.001	0.001	0.001
0.997	0.001	0.001	0.001
0.997	0.001	0.001	0.001
0.001	0.997	0.001	0.001

MOTIF motif_s/_174 11-GAGAAAAGGCGA 
letter-probability matrix: alength= 4 w= 12 nsites= 20 E= 1e-36 
0.001	0.001	0.997	0.001
0.986	0.001	0.012	0.001
0.013	0.013	0.973	0.001
0.986	0.012	0.001	0.001
0.997	0.001	0.001	0.001
0.973	0.013	0.001	0.013
0.997	0.001	0.001	0.001
0.013	0.001	0.973	0.013
0.001	0.001	0.695	0.303
0.001	0.986	0.001	0.012
0.007	0.067	0.9	0.026
0.947	0.001	0.001	0.051

MOTIF motif_s/_205 17-CAACATGAAG 
letter-probability matrix: alength= 4 w= 10 nsites= 20 E= 1e-22 
0.001	0.989	0.001	0.009
0.989	0.009	0.001	0.001
0.915	0.01	0.01	0.065
0.146	0.789	0.064	0.001
0.997	0.001	0.001	0.001
0.001	0.025	0.021	0.953
0.001	0.001	0.982	0.016
0.893	0.105	0.001	0.001
0.977	0.001	0.001	0.021
0.115	0.019	0.826	0.04

MOTIF motif_s/_88 17-RAGGGM 
letter-probability matrix: alength= 4 w= 6 nsites= 20 E= 1e-15 
0.535	0.001	0.463	0.001
0.99	0.001	0.008	0.001
0.079	0.001	0.899	0.021
0.001	0.001	0.997	0.001
0.001	0.076	0.922	0.001
0.427	0.571	0.001	0.001

MOTIF motif_s/_89 1-VTATAAAARSVR 
letter-probability matrix: alength= 4 w= 12 nsites= 20 E= 1e-294 
0.264	0.261	0.38	0.095
0.011	0.001	0.001	0.987
0.974	0.001	0.001	0.024
0.001	0.001	0.001	0.997
0.997	0.001	0.001	0.001
0.586	0.001	0.001	0.412
0.997	0.001	0.001	0.001
0.871	0.001	0.001	0.127
0.406	0.102	0.388	0.104
0.215	0.313	0.397	0.074
0.239	0.329	0.263	0.169
0.296	0.205	0.366	0.133

MOTIF motif_s/_57 20-GTCTTCAGGGAC 
letter-probability matrix: alength= 4 w= 12 nsites= 20 E= 1e-19 
0.036	0.001	0.962	0.001
0.001	0.001	0.001	0.997
0.001	0.828	0.001	0.17
0.001	0.001	0.001	0.997
0.17	0.001	0.001	0.828
0.001	0.997	0.001	0.001
0.997	0.001	0.001	0.001
0.001	0.001	0.997	0.001
0.17	0.001	0.828	0.001
0.17	0.001	0.828	0.001
0.828	0.001	0.17	0.001
0.001	0.972	0.001	0.026

MOTIF motif_s/_34 17-TCAACATGAAGG 
letter-probability matrix: alength= 4 w= 12 nsites= 20 E= 1e-22 
0.086	0.058	0.001	0.855
0.002	0.854	0.143	0.001
0.997	0.001	0.001	0.001
0.771	0.114	0.001	0.114
0.145	0.683	0.115	0.057
0.884	0.001	0.001	0.114
0.028	0.001	0.143	0.828
0.001	0.03	0.968	0.001
0.96	0.038	0.001	0.001
0.884	0.001	0.001	0.114
0.092	0.057	0.736	0.115
0.086	0.172	0.597	0.145

MOTIF motif_s/_82 18-CATGGTGAAACG 
letter-probability matrix: alength= 4 w= 12 nsites= 20 E= 1e-24 
0.204	0.46	0.221	0.114
0.601	0.097	0.174	0.128
0.165	0.108	0.053	0.674
0.155	0.259	0.526	0.06
0.001	0.061	0.676	0.262
0.057	0.066	0.057	0.82
0.001	0.081	0.917	0.001
0.718	0.101	0.106	0.075
0.833	0.061	0.04	0.066
0.792	0.001	0.206	0.001
0.216	0.586	0.079	0.119
0.117	0.04	0.672	0.171

MOTIF motif_s/_83 18-GTGACGTTTA 
letter-probability matrix: alength= 4 w= 10 nsites= 20 E= 1e-22 
0.001	0.423	0.575	0.001
0.001	0.001	0.083	0.915
0.001	0.001	0.997	0.001
0.915	0.001	0.083	0.001
0.001	0.997	0.001	0.001
0.168	0.001	0.83	0.001
0.084	0.001	0.002	0.913
0.001	0.168	0.001	0.83
0.336	0.001	0.001	0.662
0.845	0.153	0.001	0.001

MOTIF motif_s/_80 16-TTTTGACATT 
letter-probability matrix: alength= 4 w= 10 nsites= 20 E= 1e-27 
0.191	0.07	0.01	0.729
0.066	0.008	0.168	0.758
0.001	0.073	0.015	0.911
0.147	0.052	0.102	0.699
0.035	0.104	0.784	0.077
0.764	0.001	0.004	0.231
0.168	0.717	0.057	0.058
0.888	0.001	0.071	0.04
0.001	0.137	0.196	0.666
0.136	0.215	0.051	0.598

MOTIF motif_s/_81 14-ACCATGGA 
letter-probability matrix: alength= 4 w= 8 nsites= 20 E= 1e-24 
0.997	0.001	0.001	0.001
0.145	0.853	0.001	0.001
0.001	0.997	0.001	0.001
0.997	0.001	0.001	0.001
0.001	0.001	0.001	0.997
0.001	0.001	0.997	0.001
0.09	0.001	0.908	0.001
0.944	0.054	0.001	0.001

MOTIF motif_s/_86 22-TTCAGAACTCAT 
letter-probability matrix: alength= 4 w= 12 nsites= 20 E= 1e-17 
0.07	0.081	0.038	0.811
0.001	0.012	0.062	0.925
0.037	0.796	0.025	0.142
0.827	0.069	0.001	0.103
0.256	0.116	0.562	0.066
0.825	0.068	0.001	0.106
0.633	0.107	0.175	0.085
0.185	0.506	0.091	0.218
0.135	0.126	0.081	0.658
0.079	0.747	0.069	0.105
0.694	0.05	0.094	0.162
0.001	0.123	0.041	0.835

MOTIF motif_s/_87 16-CACGTG 
letter-probability matrix: alength= 4 w= 6 nsites= 20 E= 1e-16 
0.1	0.7	0.1	0.1
0.7	0.1	0.1	0.1
0.1	0.7	0.1	0.1
0.1	0.1	0.7	0.1
0.1	0.1	0.1	0.7
0.1	0.1	0.7	0.1

MOTIF motif_s/_84 20-GTCTTCAGGGAC 
letter-probability matrix: alength= 4 w= 12 nsites= 20 E= 1e-19 
0.099	0.001	0.813	0.087
0.001	0.001	0.043	0.955
0.001	0.866	0.043	0.09
0.001	0.001	0.087	0.911
0.003	0.043	0.001	0.953
0.001	0.997	0.001	0.001
0.775	0.137	0.001	0.087
0.181	0.09	0.642	0.087
0.222	0.09	0.554	0.134
0.001	0.001	0.997	0.001
0.728	0.14	0.088	0.044
0.131	0.776	0.001	0.092

MOTIF motif_s/_85 21-AGGCGAAATGGG 
letter-probability matrix: alength= 4 w= 12 nsites= 20 E= 1e-18 
0.943	0.001	0.001	0.055
0.056	0.028	0.86	0.056
0.061	0.084	0.799	0.056
0.195	0.665	0.112	0.028
0.089	0.056	0.771	0.084
0.914	0.001	0.084	0.001
0.916	0.028	0.028	0.028
0.831	0.028	0.028	0.113
0.056	0.028	0.084	0.832
0.112	0.084	0.748	0.056
0.093	0.028	0.795	0.084
0.001	0.029	0.942	0.028

MOTIF motif_s/_133 17-GTTKTGACGTTT 
letter-probability matrix: alength= 4 w= 12 nsites= 20 E= 1e-22 
0.243	0.001	0.701	0.055
0.027	0.075	0.181	0.717
0.001	0.165	0.003	0.831
0.048	0.176	0.451	0.324
0.069	0.181	0.08	0.67
0.001	0.285	0.651	0.063
0.774	0.005	0.096	0.125
0.224	0.738	0.037	0.001
0.149	0.056	0.638	0.157
0.016	0.08	0.001	0.903
0.001	0.101	0.149	0.749
0.043	0.101	0.173	0.683

MOTIF motif_s/_132 19-GGCCATTCTG 
letter-probability matrix: alength= 4 w= 10 nsites= 20 E= 1e-22 
0.001	0.001	0.997	0.001
0.126	0.001	0.872	0.001
0.001	0.997	0.001	0.001
0.001	0.997	0.001	0.001
0.618	0.001	0.127	0.254
0.253	0.001	0.001	0.745
0.001	0.001	0.001	0.997
0.001	0.896	0.001	0.102
0.126	0.001	0.001	0.872
0.001	0.001	0.997	0.001

MOTIF motif_s/_131 16-AATCAGTCGAGT 
letter-probability matrix: alength= 4 w= 12 nsites= 20 E= 1e-23 
0.805	0.001	0.001	0.193
0.682	0.197	0.04	0.081
0.001	0.24	0.078	0.681
0.12	0.677	0.001	0.202
0.838	0.001	0.001	0.16
0.199	0.117	0.557	0.127
0.193	0.038	0.001	0.768
0.001	0.602	0.001	0.396
0.002	0.28	0.717	0.001
0.997	0.001	0.001	0.001
0.12	0.038	0.841	0.001
0.001	0.001	0.001	0.997

MOTIF motif_s/_130 15-TCGTGAAACGAG 
letter-probability matrix: alength= 4 w= 12 nsites= 20 E= 1e-24 
0.04	0.068	0.08	0.812
0.028	0.716	0.121	0.135
0.13	0.027	0.723	0.12
0.23	0.001	0.013	0.756
0.08	0.081	0.798	0.041
0.852	0.067	0.054	0.027
0.837	0.027	0.094	0.042
0.731	0.067	0.014	0.188
0.269	0.651	0.027	0.053
0.19	0.04	0.635	0.135
0.891	0.014	0.054	0.041
0.053	0.053	0.84	0.054

MOTIF motif_s/_137 21-CGCWGCAGAA 
letter-probability matrix: alength= 4 w= 10 nsites= 20 E= 1e-17 
0.001	0.997	0.001	0.001
0.001	0.001	0.941	0.057
0.001	0.826	0.001	0.172
0.461	0.001	0.137	0.401
0.001	0.001	0.598	0.4
0.001	0.674	0.004	0.321
0.732	0.001	0.266	0.001
0.001	0.001	0.592	0.406
0.677	0.055	0.001	0.267
0.768	0.184	0.001	0.047

MOTIF motif_s/_136 20-GACTCTAGTC 
letter-probability matrix: alength= 4 w= 10 nsites= 20 E= 1e-18 
0.001	0.025	0.923	0.051
0.973	0.001	0.001	0.025
0.025	0.845	0.129	0.001
0.026	0.026	0.077	0.871
0.001	0.922	0.001	0.076
0.077	0.032	0.001	0.89
0.967	0.001	0.001	0.031
0.001	0.001	0.997	0.001
0.001	0.257	0.001	0.741
0.001	0.897	0.051	0.051

MOTIF motif_s/_135 22-ACAACAAC 
letter-probability matrix: alength= 4 w= 8 nsites= 20 E= 1e-19 
0.618	0.144	0.122	0.116
0.001	0.818	0.041	0.14
0.549	0.206	0.162	0.083
0.807	0.053	0.001	0.139
0.057	0.941	0.001	0.001
0.674	0.092	0.001	0.233
0.616	0.17	0.001	0.213
0.085	0.736	0.178	0.001

MOTIF motif_s/_134 18-TTCAGAACTCAT 
letter-probability matrix: alength= 4 w= 12 nsites= 20 E= 1e-21 
0.001	0.136	0.001	0.862
0.001	0.001	0.091	0.907
0.001	0.769	0.092	0.138
0.997	0.001	0.001	0.001
0.15	0.137	0.712	0.001
0.679	0.137	0.001	0.183
0.697	0.141	0.116	0.046
0.001	0.77	0.001	0.228
0.001	0.02	0.045	0.934
0.091	0.671	0.05	0.188
0.997	0.001	0.001	0.001
0.001	0.001	0.001	0.997

MOTIF motif_s/_234 21-GGTTGTGACGTT 
letter-probability matrix: alength= 4 w= 12 nsites= 20 E= 1e-18 
0.036	0.108	0.82	0.036
0.217	0.001	0.746	0.036
0.001	0.001	0.001	0.997
0.001	0.061	0.001	0.937
0.071	0.143	0.785	0.001
0.001	0.072	0.001	0.926
0.036	0.251	0.712	0.001
0.746	0.036	0.001	0.217
0.036	0.82	0.036	0.108
0.001	0.001	0.855	0.143
0.001	0.071	0.001	0.927
0.001	0.107	0.036	0.856

MOTIF motif_s/_235 22-GTCTTCAGGGAC 
letter-probability matrix: alength= 4 w= 12 nsites= 20 E= 1e-17 
0.24	0.001	0.758	0.001
0.001	0.001	0.001	0.997
0.001	0.965	0.001	0.033
0.001	0.001	0.001	0.997
0.001	0.001	0.001	0.997
0.001	0.997	0.001	0.001
0.997	0.001	0.001	0.001
0.001	0.001	0.997	0.001
0.033	0.001	0.965	0.001
0.033	0.001	0.965	0.001
0.965	0.001	0.033	0.001
0.001	0.861	0.001	0.137

MOTIF motif_s/_236 23-WTGGGCGAAACA 
letter-probability matrix: alength= 4 w= 12 nsites= 20 E= 1e-17 
0.566	0.001	0.001	0.432
0.205	0.001	0.095	0.699
0.001	0.001	0.997	0.001
0.07	0.001	0.928	0.001
0.001	0.001	0.997	0.001
0.001	0.772	0.001	0.226
0.001	0.205	0.793	0.001
0.772	0.226	0.001	0.001
0.997	0.001	0.001	0.001
0.997	0.001	0.001	0.001
0.001	0.793	0.001	0.205
0.793	0.205	0.001	0.001

MOTIF motif_s/_138 22-GTCTTCAGGGAC 
letter-probability matrix: alength= 4 w= 12 nsites= 20 E= 1e-14 
0.249	0.001	0.749	0.001
0.001	0.001	0.001	0.997
0.001	0.963	0.001	0.035
0.001	0.001	0.001	0.997
0.035	0.001	0.001	0.963
0.001	0.997	0.001	0.001
0.997	0.001	0.001	0.001
0.001	0.001	0.997	0.001
0.035	0.001	0.963	0.001
0.035	0.001	0.963	0.001
0.963	0.001	0.035	0.001
0.001	0.856	0.001	0.142

MOTIF motif_s/_230 20-TCAGAACTCA 
letter-probability matrix: alength= 4 w= 10 nsites= 20 E= 1e-22 
0.001	0.001	0.001	0.997
0.001	0.905	0.047	0.047
0.928	0.049	0.001	0.022
0.017	0.001	0.935	0.047
0.81	0.001	0.001	0.188
0.75	0.047	0.202	0.001
0.016	0.889	0.094	0.001
0.001	0.001	0.001	0.997
0.001	0.857	0.001	0.141
0.858	0.094	0.001	0.047

MOTIF motif_s/_231 21-CCACHACMAC 
letter-probability matrix: alength= 4 w= 10 nsites= 20 E= 1e-20 
0.139	0.757	0.015	0.089
0.073	0.615	0.162	0.15
0.703	0.058	0.071	0.168
0.128	0.663	0.119	0.09
0.372	0.379	0.001	0.247
0.654	0.043	0.103	0.2
0.055	0.932	0.001	0.012
0.457	0.324	0.068	0.151
0.693	0.117	0.099	0.091
0.115	0.805	0.069	0.011

MOTIF motif_s/_232 22-ACACGGTTAC 
letter-probability matrix: alength= 4 w= 10 nsites= 20 E= 1e-20 
0.906	0.001	0.001	0.092
0.001	0.635	0.243	0.121
0.909	0.089	0.001	0.001
0.001	0.628	0.035	0.336
0.04	0.001	0.662	0.297
0.001	0.001	0.787	0.211
0.037	0.035	0.001	0.927
0.204	0.001	0.307	0.488
0.563	0.035	0.114	0.288
0.001	0.789	0.209	0.001

MOTIF motif_s/_233 20-TCGTGAAACGAG 
letter-probability matrix: alength= 4 w= 12 nsites= 20 E= 1e-19 
0.1	0.1	0.1	0.7
0.1	0.7	0.1	0.1
0.1	0.1	0.7	0.1
0.1	0.1	0.1	0.7
0.1	0.1	0.7	0.1
0.7	0.1	0.1	0.1
0.7	0.1	0.1	0.1
0.7	0.1	0.1	0.1
0.1	0.7	0.1	0.1
0.1	0.1	0.7	0.1
0.7	0.1	0.1	0.1
0.1	0.1	0.7	0.1

MOTIF motif_s/_186 22-ATGTCCCCCA 
letter-probability matrix: alength= 4 w= 10 nsites= 20 E= 1e-18 
0.723	0.123	0.001	0.153
0.001	0.001	0.001	0.997
0.001	0.001	0.997	0.001
0.001	0.369	0.001	0.629
0.001	0.876	0.122	0.001
0.001	0.997	0.001	0.001
0.103	0.895	0.001	0.001
0.001	0.997	0.001	0.001
0.001	0.997	0.001	0.001
0.876	0.001	0.001	0.122

MOTIF motif_s/_187 23-CKTCAGGGAY 
letter-probability matrix: alength= 4 w= 10 nsites= 20 E= 1e-17 
0.001	0.997	0.001	0.001
0.001	0.1	0.385	0.514
0.065	0.001	0.001	0.933
0.001	0.933	0.065	0.001
0.877	0.001	0.001	0.121
0.001	0.001	0.997	0.001
0.001	0.001	0.997	0.001
0.001	0.001	0.997	0.001
0.746	0.122	0.066	0.066
0.001	0.521	0.001	0.477

MOTIF motif_s/_184 23-AGCAGAAATGGG 
letter-probability matrix: alength= 4 w= 12 nsites= 20 E= 1e-20 
0.971	0.027	0.001	0.001
0.001	0.001	0.971	0.027
0.001	0.971	0.001	0.027
0.997	0.001	0.001	0.001
0.001	0.001	0.997	0.001
0.971	0.001	0.027	0.001
0.971	0.001	0.027	0.001
0.749	0.001	0.249	0.001
0.055	0.027	0.001	0.917
0.027	0.001	0.971	0.001
0.001	0.001	0.997	0.001
0.001	0.001	0.832	0.166

MOTIF motif_s/_185 21-GCGCGAGTGT 
letter-probability matrix: alength= 4 w= 10 nsites= 20 E= 1e-18 
0.001	0.001	0.997	0.001
0.047	0.951	0.001	0.001
0.001	0.001	0.997	0.001
0.001	0.997	0.001	0.001
0.001	0.001	0.997	0.001
0.997	0.001	0.001	0.001
0.023	0.001	0.975	0.001
0.001	0.047	0.001	0.951
0.001	0.001	0.831	0.167
0.001	0.023	0.001	0.975

MOTIF motif_s/_182 19-AAACGAGACAAA 
letter-probability matrix: alength= 4 w= 12 nsites= 20 E= 1e-22 
0.997	0.001	0.001	0.001
0.997	0.001	0.001	0.001
0.774	0.001	0.001	0.224
0.001	0.997	0.001	0.001
0.012	0.001	0.986	0.001
0.638	0.001	0.001	0.36
0.001	0.36	0.638	0.001
0.803	0.001	0.183	0.013
0.001	0.997	0.001	0.001
0.805	0.001	0.181	0.013
0.997	0.001	0.001	0.001
0.997	0.001	0.001	0.001

MOTIF motif_s/_183 19-TGAAACGAGG 
letter-probability matrix: alength= 4 w= 10 nsites= 20 E= 1e-21 
0.025	0.001	0.001	0.973
0.001	0.001	0.997	0.001
0.997	0.001	0.001	0.001
0.978	0.001	0.02	0.001
0.916	0.021	0.001	0.062
0.001	0.997	0.001	0.001
0.001	0.001	0.997	0.001
0.978	0.001	0.001	0.02
0.001	0.076	0.922	0.001
0.001	0.001	0.997	0.001

MOTIF motif_s/_180 17-CACAACTCAT 
letter-probability matrix: alength= 4 w= 10 nsites= 20 E= 1e-23 
0.111	0.757	0.061	0.071
0.89	0.021	0.061	0.028
0.07	0.812	0.09	0.028
0.84	0.045	0.041	0.074
0.858	0.053	0.051	0.038
0.041	0.812	0.035	0.112
0.095	0.06	0.035	0.81
0.096	0.712	0.048	0.144
0.764	0.112	0.101	0.023
0.061	0.102	0.086	0.751

MOTIF motif_s/_181 18-CAACATGAAG 
letter-probability matrix: alength= 4 w= 10 nsites= 20 E= 1e-22 
0.001	0.961	0.021	0.017
0.968	0.017	0.014	0.001
0.846	0.014	0.017	0.123
0.07	0.835	0.061	0.034
0.997	0.001	0.001	0.001
0.045	0.001	0.001	0.953
0.001	0.001	0.99	0.008
0.899	0.099	0.001	0.001
0.965	0.001	0.001	0.033
0.112	0.001	0.81	0.077

MOTIF motif_s/_188 24-ACGCAGCAGA 
letter-probability matrix: alength= 4 w= 10 nsites= 20 E= 1e-17 
0.977	0.021	0.001	0.001
0.001	0.997	0.001	0.001
0.001	0.001	0.997	0.001
0.065	0.907	0.001	0.027
0.937	0.001	0.001	0.061
0.001	0.001	0.997	0.001
0.001	0.935	0.021	0.043
0.977	0.021	0.001	0.001
0.001	0.001	0.997	0.001
0.997	0.001	0.001	0.001

MOTIF motif_s/_189 1-VTATAAAARNNN 
letter-probability matrix: alength= 4 w= 12 nsites= 20 E= 1e-272 
0.348	0.311	0.279	0.063
0.001	0.006	0.001	0.992
0.973	0.001	0.001	0.025
0.019	0.001	0.001	0.979
0.997	0.001	0.001	0.001
0.629	0.001	0.001	0.369
0.997	0.001	0.001	0.001
0.559	0.001	0.178	0.262
0.364	0.122	0.334	0.18
0.263	0.265	0.307	0.165
0.308	0.272	0.253	0.168
0.273	0.236	0.296	0.195

MOTIF motif_s/_108 17-GGCCATTCTG 
letter-probability matrix: alength= 4 w= 10 nsites= 20 E= 1e-20 
0.001	0.001	0.997	0.001
0.195	0.001	0.803	0.001
0.001	0.997	0.001	0.001
0.001	0.997	0.001	0.001
0.755	0.001	0.001	0.243
0.195	0.001	0.001	0.803
0.001	0.001	0.001	0.997
0.001	0.841	0.001	0.157
0.001	0.001	0.001	0.997
0.195	0.001	0.803	0.001

MOTIF motif_s/_109 20-GTCTTCAGGGAC 
letter-probability matrix: alength= 4 w= 12 nsites= 20 E= 1e-19 
0.045	0.074	0.844	0.037
0.001	0.037	0.037	0.925
0.001	0.924	0.037	0.038
0.001	0.001	0.036	0.962
0.037	0.074	0.001	0.888
0.001	0.925	0.037	0.037
0.776	0.186	0.001	0.037
0.149	0.074	0.703	0.074
0.15	0.074	0.702	0.074
0.001	0.001	0.962	0.036
0.738	0.149	0.076	0.037
0.149	0.697	0.037	0.117

MOTIF motif_s/_106 18-TGAAACGAGGTG 
letter-probability matrix: alength= 4 w= 12 nsites= 20 E= 1e-22 
0.101	0.05	0.05	0.799
0.001	0.001	0.997	0.001
0.949	0.001	0.001	0.049
0.865	0.05	0.001	0.084
0.849	0.001	0.05	0.1
0.049	0.949	0.001	0.001
0.331	0.001	0.607	0.061
0.899	0.05	0.001	0.05
0.05	0.086	0.814	0.05
0.09	0.05	0.605	0.255
0.255	0.157	0.13	0.458
0.059	0.151	0.713	0.077

MOTIF motif_s/_107 19-CAGCGCACTATC 
letter-probability matrix: alength= 4 w= 12 nsites= 20 E= 1e-21 
0.021	0.915	0.021	0.043
0.977	0.001	0.021	0.001
0.001	0.085	0.893	0.021
0.001	0.956	0.001	0.042
0.043	0.097	0.775	0.085
0.021	0.904	0.021	0.054
0.765	0.021	0.001	0.213
0.065	0.859	0.012	0.064
0.085	0.064	0.043	0.808
0.665	0.13	0.15	0.055
0.085	0.106	0.043	0.766
0.085	0.732	0.001	0.182

MOTIF motif_s/_104 16-TTCAHAACTCRT 
letter-probability matrix: alength= 4 w= 12 nsites= 20 E= 1e-24 
0.082	0.001	0.075	0.842
0.001	0.13	0.025	0.844
0.001	0.822	0.1	0.077
0.924	0.001	0.074	0.001
0.31	0.386	0.053	0.251
0.641	0.001	0.001	0.357
0.695	0.303	0.001	0.001
0.05	0.899	0.001	0.05
0.334	0.001	0.051	0.614
0.075	0.899	0.001	0.025
0.484	0.075	0.363	0.078
0.025	0.076	0.001	0.898

MOTIF motif_s/_105 17-GACGCAGCAGAA 
letter-probability matrix: alength= 4 w= 12 nsites= 20 E= 1e-23 
0.051	0.025	0.899	0.025
0.824	0.001	0.1	0.075
0.1	0.799	0.001	0.1
0.051	0.001	0.923	0.025
0.051	0.822	0.051	0.076
0.9	0.025	0.025	0.05
0.05	0.025	0.824	0.101
0.151	0.698	0.025	0.126
0.823	0.075	0.001	0.101
0.1	0.075	0.8	0.025
0.948	0.05	0.001	0.001
0.775	0.05	0.1	0.075

MOTIF motif_s/_102 13-CACGTGTT 
letter-probability matrix: alength= 4 w= 8 nsites= 20 E= 1e-30 
0.035	0.867	0.036	0.062
0.936	0.001	0.062	0.001
0.001	0.997	0.001	0.001
0.024	0.001	0.896	0.079
0.001	0.036	0.001	0.962
0.001	0.001	0.915	0.083
0.034	0.107	0.094	0.765
0.085	0.07	0.102	0.743

MOTIF motif_s/_103 15-GGTYSTGACGTT 
letter-probability matrix: alength= 4 w= 12 nsites= 20 E= 1e-24 
0.001	0.001	0.997	0.001
0.17	0.001	0.828	0.001
0.001	0.001	0.001	0.997
0.001	0.524	0.001	0.474
0.17	0.379	0.45	0.001
0.001	0.001	0.001	0.997
0.171	0.171	0.657	0.001
0.961	0.037	0.001	0.001
0.038	0.791	0.001	0.17
0.001	0.001	0.997	0.001
0.001	0.001	0.001	0.997
0.001	0.001	0.001	0.997

MOTIF motif_s/_100 13-MATMWGTCGAGT 
letter-probability matrix: alength= 4 w= 12 nsites= 20 E= 1e-31 
0.432	0.284	0.269	0.015
0.569	0.344	0.036	0.051
0.044	0.336	0.015	0.605
0.378	0.461	0.001	0.16
0.373	0.08	0.218	0.328
0.146	0.168	0.423	0.263
0.015	0.037	0.037	0.911
0.022	0.891	0.036	0.051
0.037	0.336	0.591	0.036
0.804	0.058	0.058	0.08
0.044	0.037	0.868	0.051
0.051	0.058	0.051	0.84

MOTIF motif_s/_101 14-CCATTTAGTTCC 
letter-probability matrix: alength= 4 w= 12 nsites= 20 E= 1e-30 
0.172	0.567	0.058	0.203
0.028	0.938	0.033	0.001
0.856	0.001	0.057	0.086
0.001	0.028	0.115	0.856
0.001	0.001	0.001	0.997
0.001	0.208	0.028	0.763
0.704	0.147	0.003	0.146
0.001	0.087	0.736	0.176
0.143	0.028	0.001	0.828
0.001	0.001	0.001	0.997
0.115	0.702	0.151	0.032
0.001	0.679	0.057	0.263

MOTIF motif_s/_56 18-AGCAGAAATGGG 
letter-probability matrix: alength= 4 w= 12 nsites= 20 E= 1e-21 
0.871	0.022	0.064	0.043
0.064	0.021	0.893	0.022
0.082	0.875	0.021	0.022
0.811	0.082	0.021	0.086
0.128	0.001	0.85	0.021
0.977	0.001	0.021	0.001
0.914	0.001	0.043	0.042
0.803	0.064	0.112	0.021
0.108	0.043	0.064	0.785
0.086	0.064	0.743	0.107
0.128	0.001	0.764	0.107
0.001	0.214	0.739	0.046

MOTIF motif_s/_229 18-AAGTCGTCGG 
letter-probability matrix: alength= 4 w= 10 nsites= 20 E= 1e-22 
0.971	0.001	0.001	0.027
0.977	0.001	0.021	0.001
0.001	0.001	0.997	0.001
0.001	0.102	0.001	0.896
0.001	0.997	0.001	0.001
0.001	0.001	0.954	0.044
0.001	0.001	0.001	0.997
0.001	0.997	0.001	0.001
0.001	0.028	0.791	0.18
0.001	0.001	0.997	0.001

MOTIF motif_s/_228 16-ACACGTGTTT 
letter-probability matrix: alength= 4 w= 10 nsites= 20 E= 1e-26 
0.525	0.232	0.242	0.001
0.08	0.816	0.001	0.103
0.997	0.001	0.001	0.001
0.001	0.997	0.001	0.001
0.001	0.073	0.925	0.001
0.043	0.001	0.078	0.878
0.001	0.001	0.925	0.073
0.052	0.005	0.209	0.734
0.056	0.033	0.201	0.71
0.001	0.146	0.068	0.785

MOTIF motif_s/_227 16-TGTTTTGAAATT 
letter-probability matrix: alength= 4 w= 12 nsites= 20 E= 1e-26 
0.09	0.09	0.069	0.751
0.104	0.094	0.641	0.161
0.086	0.058	0.08	0.776
0.063	0.053	0.077	0.807
0.073	0.058	0.084	0.785
0.076	0.07	0.067	0.787
0.092	0.097	0.702	0.109
0.761	0.084	0.067	0.088
0.759	0.086	0.061	0.094
0.69	0.073	0.087	0.15
0.096	0.074	0.077	0.753
0.075	0.065	0.073	0.787

MOTIF motif_s/_226 15-GCGGCCATTTTG 
letter-probability matrix: alength= 4 w= 12 nsites= 20 E= 1e-28 
0.001	0.017	0.598	0.384
0.121	0.877	0.001	0.001
0.021	0.001	0.977	0.001
0.001	0.001	0.982	0.016
0.001	0.982	0.001	0.016
0.001	0.997	0.001	0.001
0.997	0.001	0.001	0.001
0.001	0.001	0.001	0.997
0.001	0.001	0.016	0.982
0.001	0.017	0.017	0.965
0.001	0.001	0.001	0.997
0.017	0.017	0.949	0.017

MOTIF motif_s/_225 14-CAACATGAAG 
letter-probability matrix: alength= 4 w= 10 nsites= 20 E= 1e-30 
0.001	0.997	0.001	0.001
0.997	0.001	0.001	0.001
0.855	0.046	0.001	0.098
0.129	0.802	0.068	0.001
0.997	0.001	0.001	0.001
0.001	0.045	0.001	0.953
0.001	0.001	0.997	0.001
0.905	0.093	0.001	0.001
0.968	0.001	0.03	0.001
0.124	0.001	0.874	0.001

MOTIF motif_s/_224 15-CCGCTAGA 
letter-probability matrix: alength= 4 w= 8 nsites= 20 E= 1e-33 
0.15	0.848	0.001	0.001
0.001	0.997	0.001	0.001
0.001	0.04	0.856	0.103
0.001	0.912	0.086	0.001
0.001	0.001	0.001	0.997
0.997	0.001	0.001	0.001
0.001	0.037	0.961	0.001
0.863	0.001	0.135	0.001

MOTIF motif_s/_223 12-CGCGAGTGTC 
letter-probability matrix: alength= 4 w= 10 nsites= 20 E= 1e-34 
0.049	0.686	0.206	0.059
0.046	0.071	0.795	0.088
0.029	0.674	0.023	0.274
0.161	0.156	0.465	0.217
0.955	0.022	0.001	0.022
0.001	0.194	0.732	0.073
0.069	0.001	0.045	0.885
0.001	0.069	0.653	0.277
0.001	0.159	0.093	0.747
0.074	0.697	0.119	0.11

MOTIF motif_s/_222 12-CTKCAGYGCACT 
letter-probability matrix: alength= 4 w= 12 nsites= 20 E= 1e-35 
0.011	0.583	0.097	0.309
0.094	0.029	0.06	0.817
0.011	0.02	0.552	0.417
0.026	0.8	0.097	0.077
0.546	0.08	0.017	0.357
0.066	0.194	0.623	0.117
0.051	0.512	0.003	0.434
0.057	0.109	0.503	0.331
0.12	0.84	0.034	0.006
0.572	0.04	0.057	0.331
0.163	0.437	0.16	0.24
0.077	0.094	0.051	0.778

MOTIF motif_s/_221 11-AGAGAAAAGGCG 
letter-probability matrix: alength= 4 w= 12 nsites= 20 E= 1e-36 
0.906	0.092	0.001	0.001
0.092	0.001	0.906	0.001
0.906	0.092	0.001	0.001
0.093	0.093	0.813	0.001
0.997	0.001	0.001	0.001
0.997	0.001	0.001	0.001
0.906	0.001	0.001	0.092
0.997	0.001	0.001	0.001
0.114	0.001	0.875	0.01
0.001	0.001	0.731	0.267
0.001	0.712	0.001	0.286
0.021	0.095	0.883	0.001

MOTIF motif_s/_220 13-DTTGTTTA 
letter-probability matrix: alength= 4 w= 8 nsites= 20 E= 1e-37 
0.319	0.124	0.297	0.26
0.001	0.37	0.001	0.628
0.001	0.001	0.001	0.997
0.001	0.001	0.997	0.001
0.001	0.001	0.001	0.997
0.001	0.001	0.001	0.997
0.001	0.001	0.001	0.997
0.864	0.001	0.001	0.134

MOTIF motif_s/_77 11-GTTAGT 
letter-probability matrix: alength= 4 w= 6 nsites= 20 E= 1e-35 
0.001	0.001	0.748	0.25
0.001	0.237	0.001	0.761
0.001	0.001	0.001	0.997
0.997	0.001	0.001	0.001
0.001	0.001	0.997	0.001
0.001	0.001	0.001	0.997

MOTIF motif_s/_76 14-AAAGCATCAGTT 
letter-probability matrix: alength= 4 w= 12 nsites= 20 E= 1e-35 
0.63	0.121	0.075	0.174
0.826	0.136	0.037	0.001
0.466	0.001	0.23	0.303
0.039	0.119	0.638	0.204
0.047	0.791	0.001	0.161
0.997	0.001	0.001	0.001
0.001	0.001	0.037	0.961
0.001	0.961	0.001	0.037
0.997	0.001	0.001	0.001
0.001	0.037	0.925	0.037
0.037	0.001	0.037	0.925
0.038	0.152	0.038	0.772

MOTIF motif_s/_75 11-TCTCCGAC 
letter-probability matrix: alength= 4 w= 8 nsites= 20 E= 1e-36 
0.1	0.1	0.1	0.7
0.1	0.7	0.1	0.1
0.1	0.1	0.1	0.7
0.1	0.7	0.1	0.1
0.1	0.7	0.1	0.1
0.1	0.1	0.7	0.1
0.7	0.1	0.1	0.1
0.1	0.7	0.1	0.1

MOTIF motif_s/_74 13-GCTGTTTAGTAT 
letter-probability matrix: alength= 4 w= 12 nsites= 20 E= 1e-38 
0.272	0.001	0.614	0.113
0.001	0.726	0.001	0.272
0.001	0.001	0.001	0.997
0.001	0.001	0.997	0.001
0.001	0.001	0.001	0.997
0.001	0.001	0.001	0.997
0.001	0.001	0.022	0.976
0.997	0.001	0.001	0.001
0.023	0.227	0.455	0.295
0.158	0.001	0.001	0.84
0.795	0.136	0.068	0.001
0.204	0.045	0.001	0.75

MOTIF motif_s/_73 12-GAGAAAAGGCGA 
letter-probability matrix: alength= 4 w= 12 nsites= 20 E= 1e-40 
0.001	0.001	0.997	0.001
0.985	0.001	0.013	0.001
0.001	0.001	0.997	0.001
0.997	0.001	0.001	0.001
0.997	0.001	0.001	0.001
0.973	0.013	0.001	0.013
0.997	0.001	0.001	0.001
0.014	0.014	0.958	0.014
0.001	0.001	0.774	0.224
0.001	0.958	0.001	0.04
0.014	0.122	0.823	0.041
0.958	0.001	0.001	0.04

MOTIF motif_s/_72 11-AGTCGAGTGAGC 
letter-probability matrix: alength= 4 w= 12 nsites= 20 E= 1e-41 
0.703	0.081	0.027	0.189
0.001	0.027	0.891	0.081
0.001	0.162	0.054	0.783
0.001	0.891	0.027	0.081
0.001	0.081	0.864	0.054
0.892	0.027	0.027	0.054
0.027	0.027	0.945	0.001
0.027	0.081	0.054	0.838
0.027	0.081	0.838	0.054
0.676	0.081	0.135	0.108
0.054	0.027	0.892	0.027
0.027	0.865	0.081	0.027

MOTIF motif_s/_71 10-CTGCAGCGCACT 
letter-probability matrix: alength= 4 w= 12 nsites= 20 E= 1e-43 
0.025	0.899	0.025	0.051
0.051	0.076	0.025	0.848
0.001	0.001	0.945	0.053
0.025	0.925	0.025	0.025
0.856	0.001	0.001	0.142
0.025	0.051	0.848	0.076
0.152	0.55	0.001	0.297
0.025	0.051	0.873	0.051
0.05	0.924	0.025	0.001
0.767	0.025	0.051	0.157
0.102	0.695	0.076	0.127
0.051	0.025	0.025	0.899

MOTIF motif_s/_70 9-GAGCATCTCC 
letter-probability matrix: alength= 4 w= 10 nsites= 20 E= 1e-44 
0.001	0.001	0.997	0.001
0.989	0.001	0.009	0.001
0.001	0.001	0.997	0.001
0.001	0.695	0.064	0.24
0.979	0.001	0.019	0.001
0.001	0.001	0.001	0.997
0.021	0.977	0.001	0.001
0.046	0.01	0.001	0.943
0.001	0.997	0.001	0.001
0.001	0.997	0.001	0.001

MOTIF motif_s/_79 16-TCCAAGACGCAG 
letter-probability matrix: alength= 4 w= 12 nsites= 20 E= 1e-28 
0.001	0.001	0.001	0.997
0.001	0.997	0.001	0.001
0.001	0.997	0.001	0.001
0.815	0.001	0.061	0.123
0.937	0.032	0.001	0.03
0.121	0.109	0.769	0.001
0.997	0.001	0.001	0.001
0.001	0.669	0.03	0.3
0.001	0.001	0.997	0.001
0.269	0.729	0.001	0.001
0.997	0.001	0.001	0.001
0.001	0.001	0.997	0.001

MOTIF motif_s/_78 14-CGCTAGAGGG 
letter-probability matrix: alength= 4 w= 10 nsites= 20 E= 1e-33 
0.07	0.8	0.084	0.046
0.06	0.054	0.855	0.031
0.056	0.818	0.072	0.054
0.086	0.106	0.043	0.765
0.865	0.073	0.039	0.023
0.028	0.054	0.823	0.095
0.802	0.05	0.098	0.05
0.066	0.035	0.778	0.121
0.109	0.078	0.74	0.073
0.136	0.024	0.761	0.079

MOTIF motif_s/_191 4-TGGCAACGYTGN 
letter-probability matrix: alength= 4 w= 12 nsites= 20 E= 1e-143 
0.034	0.234	0.021	0.711
0.013	0.001	0.917	0.069
0.145	0.001	0.806	0.048
0.001	0.997	0.001	0.001
0.997	0.001	0.001	0.001
0.813	0.001	0.062	0.124
0.001	0.805	0.001	0.193
0.242	0.152	0.474	0.133
0.104	0.382	0.145	0.369
0.186	0.279	0.057	0.478
0.058	0.048	0.632	0.262
0.19	0.327	0.179	0.304

MOTIF motif_s/_190 1-KTCAGTCG 
letter-probability matrix: alength= 4 w= 8 nsites= 20 E= 1e-262 
0.189	0.177	0.268	0.366
0.027	0.064	0.291	0.618
0.001	0.881	0.001	0.117
0.963	0.001	0.017	0.019
0.001	0.001	0.976	0.022
0.246	0.028	0.055	0.671
0.034	0.666	0.001	0.299
0.039	0.133	0.708	0.12

MOTIF motif_s/_193 7-WAGATGGCKS 
letter-probability matrix: alength= 4 w= 10 nsites= 20 E= 1e-89 
0.403	0.204	0.138	0.254
0.758	0.085	0.001	0.156
0.241	0.19	0.475	0.094
0.711	0.001	0.169	0.119
0.038	0.006	0.005	0.951
0.055	0.031	0.913	0.001
0.004	0.001	0.721	0.274
0.152	0.693	0.002	0.153
0.164	0.105	0.424	0.307
0.188	0.236	0.366	0.211

MOTIF motif_s/_192 4-AGTCTGCT 
letter-probability matrix: alength= 4 w= 8 nsites= 20 E= 1e-120 
0.718	0.037	0.029	0.216
0.001	0.068	0.901	0.03
0.001	0.115	0.001	0.883
0.001	0.931	0.067	0.001
0.102	0.041	0.001	0.856
0.055	0.001	0.9	0.044
0.001	0.944	0.054	0.001
0.001	0.069	0.001	0.929

MOTIF motif_s/_195 9-CAACTGCAGTGC 
letter-probability matrix: alength= 4 w= 12 nsites= 20 E= 1e-46 
0.001	0.997	0.001	0.001
0.997	0.001	0.001	0.001
0.74	0.001	0.065	0.194
0.001	0.997	0.001	0.001
0.001	0.001	0.001	0.997
0.001	0.001	0.65	0.348
0.001	0.934	0.001	0.064
0.805	0.065	0.065	0.065
0.001	0.001	0.997	0.001
0.001	0.126	0.001	0.872
0.065	0.065	0.611	0.259
0.001	0.934	0.001	0.064

MOTIF motif_s/_194 7-TCTCCGACACGA 
letter-probability matrix: alength= 4 w= 12 nsites= 20 E= 1e-51 
0.024	0.048	0.072	0.856
0.024	0.856	0.024	0.096
0.071	0.001	0.095	0.833
0.048	0.856	0.024	0.072
0.048	0.832	0.024	0.096
0.096	0.119	0.761	0.024
0.833	0.001	0.047	0.119
0.001	0.857	0.071	0.071
0.927	0.001	0.001	0.071
0.119	0.738	0.024	0.119
0.024	0.024	0.951	0.001
0.718	0.001	0.233	0.048

MOTIF motif_s/_197 10-ACACGTGTTT 
letter-probability matrix: alength= 4 w= 10 nsites= 20 E= 1e-41 
0.688	0.056	0.255	0.001
0.001	0.901	0.097	0.001
0.997	0.001	0.001	0.001
0.001	0.773	0.225	0.001
0.001	0.121	0.877	0.001
0.001	0.001	0.001	0.997
0.001	0.001	0.961	0.037
0.024	0.083	0.18	0.713
0.24	0.05	0.23	0.479
0.176	0.22	0.031	0.573

MOTIF motif_s/_196 10-GGGTGATAAAAA 
letter-probability matrix: alength= 4 w= 12 nsites= 20 E= 1e-46 
0.052	0.017	0.897	0.034
0.184	0.017	0.782	0.017
0.121	0.052	0.793	0.034
0.119	0.001	0.086	0.794
0.051	0.001	0.828	0.12
0.88	0.069	0.017	0.034
0.121	0.052	0.26	0.567
0.889	0.038	0.056	0.017
0.896	0.001	0.086	0.017
0.88	0.034	0.052	0.034
0.964	0.034	0.001	0.001
0.844	0.069	0.086	0.001

MOTIF motif_s/_199 10-TTGTTTAC 
letter-probability matrix: alength= 4 w= 8 nsites= 20 E= 1e-40 
0.001	0.349	0.134	0.516
0.077	0.051	0.001	0.871
0.041	0.001	0.957	0.001
0.001	0.07	0.001	0.928
0.001	0.117	0.001	0.881
0.001	0.097	0.052	0.85
0.902	0.001	0.001	0.096
0.071	0.481	0.277	0.172

MOTIF motif_s/_198 11-AGAGAAAAGGCG 
letter-probability matrix: alength= 4 w= 12 nsites= 20 E= 1e-40 
0.987	0.011	0.001	0.001
0.001	0.001	0.997	0.001
0.987	0.011	0.001	0.001
0.012	0.012	0.975	0.001
0.997	0.001	0.001	0.001
0.997	0.001	0.001	0.001
0.987	0.001	0.001	0.011
0.997	0.001	0.001	0.001
0.024	0.001	0.974	0.001
0.001	0.001	0.704	0.294
0.001	0.974	0.001	0.024
0.037	0.111	0.803	0.049

MOTIF motif_s/_119 9-GGGTGAGAAAAA 
letter-probability matrix: alength= 4 w= 12 nsites= 20 E= 1e-49 
0.077	0.001	0.921	0.001
0.001	0.001	0.997	0.001
0.232	0.001	0.766	0.001
0.001	0.001	0.001	0.997
0.019	0.078	0.592	0.311
0.997	0.001	0.001	0.001
0.001	0.011	0.732	0.256
0.947	0.029	0.023	0.001
0.997	0.001	0.001	0.001
0.911	0.001	0.011	0.077
0.997	0.001	0.001	0.001
0.845	0.077	0.077	0.001

MOTIF motif_s/_118 8-GAGCATCTCC 
letter-probability matrix: alength= 4 w= 10 nsites= 20 E= 1e-52 
0.001	0.001	0.997	0.001
0.997	0.001	0.001	0.001
0.001	0.001	0.997	0.001
0.001	0.684	0.087	0.228
0.982	0.001	0.016	0.001
0.001	0.016	0.001	0.982
0.034	0.964	0.001	0.001
0.051	0.001	0.001	0.947
0.001	0.997	0.001	0.001
0.001	0.997	0.001	0.001

MOTIF motif_s/_111 22-AATRAGCAAAAC 
letter-probability matrix: alength= 4 w= 12 nsites= 20 E= 1e-15 
0.886	0.001	0.112	0.001
0.997	0.001	0.001	0.001
0.053	0.113	0.015	0.819
0.494	0.001	0.504	0.001
0.6	0.001	0.398	0.001
0.001	0.113	0.876	0.01
0.001	0.76	0.001	0.238
0.597	0.001	0.401	0.001
0.989	0.009	0.001	0.001
0.997	0.001	0.001	0.001
0.651	0.001	0.235	0.113
0.001	0.773	0.225	0.001

MOTIF motif_s/_110 20-AGTGAGCA 
letter-probability matrix: alength= 4 w= 8 nsites= 20 E= 1e-17 
0.997	0.001	0.001	0.001
0.001	0.001	0.997	0.001
0.001	0.068	0.124	0.807
0.1	0.001	0.898	0.001
0.91	0.001	0.001	0.088
0.001	0.001	0.997	0.001
0.001	0.997	0.001	0.001
0.997	0.001	0.001	0.001

MOTIF motif_s/_113 1-GTATAAAARNNV 
letter-probability matrix: alength= 4 w= 12 nsites= 20 E= 1e-299 
0.211	0.278	0.441	0.07
0.001	0.001	0.001	0.997
0.997	0.001	0.001	0.001
0.001	0.001	0.001	0.997
0.997	0.001	0.001	0.001
0.624	0.001	0.001	0.374
0.997	0.001	0.001	0.001
0.657	0.001	0.001	0.341
0.37	0.143	0.319	0.168
0.215	0.294	0.31	0.181
0.242	0.271	0.287	0.199
0.249	0.247	0.37	0.135

MOTIF motif_s/_115 4-TGGCAACGYTGY 
letter-probability matrix: alength= 4 w= 12 nsites= 20 E= 1e-136 
0.052	0.149	0.021	0.778
0.01	0.001	0.87	0.119
0.132	0.001	0.797	0.07
0.004	0.994	0.001	0.001
0.968	0.001	0.03	0.001
0.844	0.01	0.067	0.079
0.067	0.765	0.001	0.167
0.187	0.107	0.589	0.117
0.091	0.394	0.143	0.372
0.133	0.232	0.047	0.588
0.064	0.13	0.644	0.162
0.197	0.357	0.123	0.323

MOTIF motif_s/_114 1-NRTCAGTCGH 
letter-probability matrix: alength= 4 w= 10 nsites= 20 E= 1e-284 
0.225	0.293	0.202	0.28
0.354	0.181	0.277	0.187
0.085	0.095	0.261	0.559
0.032	0.966	0.001	0.001
0.997	0.001	0.001	0.001
0.001	0.001	0.997	0.001
0.221	0.001	0.001	0.777
0.053	0.71	0.001	0.236
0.089	0.087	0.513	0.311
0.264	0.223	0.177	0.337

MOTIF motif_s/_117 7-TCCGACACGGCA 
letter-probability matrix: alength= 4 w= 12 nsites= 20 E= 1e-64 
0.016	0.001	0.001	0.982
0.008	0.99	0.001	0.001
0.001	0.99	0.001	0.008
0.001	0.008	0.99	0.001
0.99	0.001	0.001	0.008
0.008	0.974	0.001	0.017
0.99	0.008	0.001	0.001
0.001	0.997	0.001	0.001
0.008	0.001	0.99	0.001
0.034	0.001	0.922	0.043
0.025	0.734	0.001	0.24
0.997	0.001	0.001	0.001

MOTIF motif_s/_116 6-CRMYAGATGGCG 
letter-probability matrix: alength= 4 w= 12 nsites= 20 E= 1e-82 
0.192	0.54	0.014	0.254
0.392	0.154	0.33	0.125
0.347	0.421	0.154	0.079
0.204	0.421	0.007	0.369
0.997	0.001	0.001	0.001
0.001	0.001	0.997	0.001
0.676	0.001	0.322	0.001
0.001	0.001	0.178	0.82
0.126	0.001	0.872	0.001
0.217	0.001	0.611	0.171
0.071	0.81	0.001	0.118
0.208	0.043	0.517	0.232

MOTIF motif_s/_218 9-GGGTGAGAAAAA 
letter-probability matrix: alength= 4 w= 12 nsites= 20 E= 1e-46 
0.01	0.001	0.988	0.001
0.001	0.01	0.988	0.001
0.01	0.001	0.988	0.001
0.001	0.001	0.001	0.997
0.001	0.01	0.988	0.001
0.997	0.001	0.001	0.001
0.001	0.01	0.68	0.309
0.775	0.223	0.001	0.001
0.997	0.001	0.001	0.001
0.997	0.001	0.001	0.001
0.988	0.01	0.001	0.001
0.997	0.001	0.001	0.001

MOTIF motif_s/_219 10-AATCAGTCGAGT 
letter-probability matrix: alength= 4 w= 12 nsites= 20 E= 1e-38 
0.905	0.031	0.063	0.001
0.842	0.063	0.063	0.032
0.095	0.032	0.095	0.778
0.158	0.683	0.032	0.127
0.714	0.032	0.127	0.127
0.19	0.095	0.571	0.144
0.095	0.063	0.001	0.841
0.031	0.856	0.001	0.112
0.063	0.001	0.873	0.063
0.997	0.001	0.001	0.001
0.031	0.031	0.937	0.001
0.001	0.001	0.001	0.997

MOTIF motif_s/_212 1-NNKCAGTCGN 
letter-probability matrix: alength= 4 w= 10 nsites= 20 E= 1e-283 
0.27	0.26	0.22	0.249
0.309	0.173	0.244	0.274
0.032	0.096	0.378	0.495
0.001	0.938	0.001	0.06
0.976	0.001	0.022	0.001
0.001	0.001	0.925	0.073
0.229	0.001	0.001	0.769
0.062	0.615	0.001	0.322
0.144	0.176	0.499	0.181
0.267	0.225	0.23	0.277

MOTIF motif_s/_213 4-TGGCAACGYTGY 
letter-probability matrix: alength= 4 w= 12 nsites= 20 E= 1e-147 
0.048	0.168	0.024	0.76
0.001	0.008	0.951	0.04
0.143	0.001	0.855	0.001
0.001	0.997	0.001	0.001
0.997	0.001	0.001	0.001
0.792	0.056	0.04	0.112
0.001	0.806	0.001	0.192
0.145	0.096	0.691	0.068
0.024	0.47	0.065	0.441
0.1	0.225	0.04	0.635
0.001	0.056	0.832	0.111
0.145	0.382	0.08	0.393

MOTIF motif_s/_210 22-CCACTACCAC 
letter-probability matrix: alength= 4 w= 10 nsites= 20 E= 1e-12 
0.001	0.905	0.017	0.077
0.115	0.741	0.057	0.087
0.915	0.011	0.059	0.015
0.032	0.703	0.137	0.128
0.15	0.18	0.025	0.645
0.774	0.082	0.114	0.03
0.011	0.926	0.001	0.062
0.156	0.646	0.001	0.197
0.862	0.075	0.001	0.062
0.014	0.881	0.078	0.027

MOTIF motif_s/_211 1-RTATAAAAASVS 
letter-probability matrix: alength= 4 w= 12 nsites= 20 E= 1e-301 
0.276	0.233	0.414	0.077
0.019	0.034	0.046	0.901
0.846	0.008	0.054	0.092
0.027	0.008	0.042	0.923
0.997	0.001	0.001	0.001
0.719	0.001	0.046	0.234
0.988	0.001	0.01	0.001
0.648	0.015	0.096	0.241
0.463	0.107	0.307	0.123
0.2	0.291	0.372	0.137
0.306	0.268	0.31	0.115
0.215	0.245	0.379	0.161

MOTIF motif_s/_216 8-CTCCGACACGGC 
letter-probability matrix: alength= 4 w= 12 nsites= 20 E= 1e-54 
0.001	0.997	0.001	0.001
0.019	0.001	0.001	0.979
0.092	0.815	0.092	0.001
0.001	0.815	0.001	0.183
0.001	0.183	0.815	0.001
0.907	0.001	0.001	0.091
0.092	0.815	0.001	0.092
0.979	0.019	0.001	0.001
0.001	0.997	0.001	0.001
0.091	0.001	0.907	0.001
0.001	0.001	0.992	0.006
0.021	0.785	0.01	0.184

MOTIF motif_s/_217 7-GAGCATCTCC 
letter-probability matrix: alength= 4 w= 10 nsites= 20 E= 1e-47 
0.001	0.001	0.997	0.001
0.997	0.001	0.001	0.001
0.009	0.001	0.989	0.001
0.01	0.751	0.071	0.168
0.997	0.001	0.001	0.001
0.001	0.001	0.028	0.97
0.028	0.97	0.001	0.001
0.058	0.009	0.001	0.932
0.001	0.997	0.001	0.001
0.001	0.997	0.001	0.001

MOTIF motif_s/_214 6-AGCAGACA 
letter-probability matrix: alength= 4 w= 8 nsites= 20 E= 1e-98 
0.997	0.001	0.001	0.001
0.001	0.001	0.997	0.001
0.001	0.997	0.001	0.001
0.997	0.001	0.001	0.001
0.001	0.001	0.997	0.001
0.997	0.001	0.001	0.001
0.341	0.657	0.001	0.001
0.957	0.001	0.023	0.019

MOTIF motif_s/_215 5-CRCTAGATGGCG 
letter-probability matrix: alength= 4 w= 12 nsites= 20 E= 1e-96 
0.059	0.706	0.058	0.177
0.417	0.138	0.379	0.066
0.313	0.556	0.08	0.051
0.16	0.298	0.044	0.498
0.97	0.028	0.001	0.001
0.014	0.014	0.971	0.001
0.673	0.015	0.276	0.036
0.029	0.001	0.065	0.905
0.115	0.001	0.87	0.014
0.066	0.029	0.721	0.184
0.043	0.862	0.001	0.094
0.161	0.029	0.686	0.124

MOTIF motif_s/_64 2-GNCAGTCK 
letter-probability matrix: alength= 4 w= 8 nsites= 20 E= 1e-247 
0.225	0.168	0.395	0.211
0.214	0.243	0.208	0.336
0.001	0.832	0.001	0.166
0.878	0.001	0.12	0.001
0.001	0.071	0.748	0.18
0.23	0.001	0.001	0.768
0.001	0.796	0.095	0.108
0.189	0.001	0.439	0.37

MOTIF motif_s/_65 4-TGGCAACGYTGH 
letter-probability matrix: alength= 4 w= 12 nsites= 20 E= 1e-162 
0.039	0.168	0.022	0.771
0.017	0.017	0.848	0.118
0.118	0.001	0.842	0.039
0.027	0.971	0.001	0.001
0.982	0.001	0.016	0.001
0.82	0.045	0.056	0.079
0.001	0.87	0.001	0.128
0.264	0.123	0.517	0.096
0.078	0.382	0.185	0.354
0.157	0.275	0.051	0.517
0.051	0.107	0.645	0.197
0.225	0.309	0.151	0.315

MOTIF motif_s/_66 5-GTCYGC 
letter-probability matrix: alength= 4 w= 6 nsites= 20 E= 1e-125 
0.289	0.203	0.5	0.008
0.001	0.072	0.249	0.678
0.001	0.929	0.001	0.069
0.078	0.429	0.001	0.493
0.132	0.1	0.76	0.008
0.016	0.696	0.287	0.001

MOTIF motif_s/_67 8-CMAGATGGCG 
letter-probability matrix: alength= 4 w= 10 nsites= 20 E= 1e-95 
0.265	0.436	0.086	0.213
0.433	0.306	0.001	0.261
0.997	0.001	0.001	0.001
0.167	0.242	0.508	0.083
0.844	0.001	0.154	0.001
0.01	0.001	0.153	0.836
0.087	0.001	0.911	0.001
0.001	0.001	0.845	0.153
0.066	0.719	0.001	0.214
0.121	0.118	0.47	0.29

MOTIF motif_s/_60 17-TTTGTT 
letter-probability matrix: alength= 4 w= 6 nsites= 20 E= 1e-15 
0.087	0.001	0.001	0.911
0.001	0.075	0.107	0.817
0.001	0.276	0.001	0.722
0.001	0.001	0.997	0.001
0.001	0.001	0.001	0.997
0.113	0.001	0.001	0.885

MOTIF motif_s/_61 23-GACGCAGCAG 
letter-probability matrix: alength= 4 w= 10 nsites= 20 E= 1e-15 
0.001	0.001	0.997	0.001
0.997	0.001	0.001	0.001
0.001	0.997	0.001	0.001
0.001	0.001	0.997	0.001
0.001	0.95	0.017	0.032
0.997	0.001	0.001	0.001
0.001	0.001	0.997	0.001
0.001	0.997	0.001	0.001
0.903	0.032	0.001	0.064
0.001	0.001	0.997	0.001

MOTIF motif_s/_62 21-GCGCGAGT 
letter-probability matrix: alength= 4 w= 8 nsites= 20 E= 1e-14 
0.001	0.001	0.997	0.001
0.001	0.997	0.001	0.001
0.001	0.001	0.997	0.001
0.001	0.997	0.001	0.001
0.001	0.001	0.845	0.153
0.997	0.001	0.001	0.001
0.001	0.001	0.885	0.113
0.001	0.001	0.001	0.997

MOTIF motif_s/_63 1-GTATAAAARVVG 
letter-probability matrix: alength= 4 w= 12 nsites= 20 E= 1e-308 
0.221	0.263	0.445	0.071
0.001	0.001	0.004	0.994
0.997	0.001	0.001	0.001
0.004	0.001	0.001	0.994
0.997	0.001	0.001	0.001
0.66	0.001	0.005	0.334
0.997	0.001	0.001	0.001
0.845	0.001	0.011	0.143
0.422	0.087	0.415	0.076
0.231	0.309	0.356	0.104
0.247	0.342	0.296	0.115
0.221	0.231	0.396	0.152

MOTIF motif_s/_68 8-CGACACGGCAAC 
letter-probability matrix: alength= 4 w= 12 nsites= 20 E= 1e-55 
0.001	0.997	0.001	0.001
0.009	0.009	0.981	0.001
0.99	0.001	0.001	0.008
0.009	0.964	0.009	0.018
0.981	0.017	0.001	0.001
0.001	0.99	0.008	0.001
0.001	0.001	0.997	0.001
0.033	0.001	0.912	0.054
0.001	0.823	0.009	0.167
0.997	0.001	0.001	0.001
0.99	0.001	0.001	0.008
0.001	0.99	0.008	0.001

MOTIF motif_s/_69 9-GGGTGATAAAAA 
letter-probability matrix: alength= 4 w= 12 nsites= 20 E= 1e-46 
0.088	0.022	0.8	0.09
0.157	0.191	0.628	0.024
0.022	0.088	0.802	0.088
0.023	0.045	0.111	0.821
0.091	0.106	0.736	0.067
0.821	0.045	0.046	0.088
0.067	0.257	0.236	0.441
0.71	0.287	0.001	0.002
0.845	0.001	0.088	0.066
0.864	0.089	0.025	0.022
0.889	0.088	0.022	0.001
0.822	0.067	0.066	0.045

MOTIF motif_s/_9 9-GGCAACAACT 
letter-probability matrix: alength= 4 w= 10 nsites= 20 E= 1e-40 
0.046	0.03	0.923	0.001
0.001	0.001	0.997	0.001
0.029	0.808	0.041	0.122
0.968	0.001	0.001	0.03
0.997	0.001	0.001	0.001
0.001	0.989	0.001	0.009
0.997	0.001	0.001	0.001
0.931	0.012	0.001	0.056
0.001	0.969	0.001	0.029
0.001	0.001	0.029	0.969

MOTIF motif_s/_8 12-CTGTTTAGTCYC 
letter-probability matrix: alength= 4 w= 12 nsites= 20 E= 1e-41 
0.001	0.997	0.001	0.001
0.065	0.001	0.001	0.933
0.001	0.019	0.901	0.079
0.001	0.019	0.001	0.979
0.001	0.001	0.001	0.997
0.216	0.02	0.02	0.744
0.997	0.001	0.001	0.001
0.02	0.099	0.821	0.06
0.04	0.262	0.236	0.462
0.374	0.585	0.001	0.04
0.178	0.425	0.02	0.376
0.059	0.698	0.001	0.242

MOTIF motif_s/_204 16-TSACAACTCA 
letter-probability matrix: alength= 4 w= 10 nsites= 20 E= 1e-25 
0.008	0.042	0.001	0.949
0.095	0.508	0.396	0.001
0.686	0.028	0.137	0.149
0.241	0.595	0.163	0.001
0.829	0.001	0.001	0.169
0.519	0.02	0.327	0.134
0.218	0.78	0.001	0.001
0.105	0.001	0.125	0.769
0.001	0.997	0.001	0.001
0.958	0.001	0.04	0.001

MOTIF motif_s/_1 1-VTATAAAARNNN 
letter-probability matrix: alength= 4 w= 12 nsites= 20 E= 1e-284 
0.333	0.302	0.311	0.054
0.001	0.001	0.001	0.997
0.965	0.001	0.001	0.033
0.003	0.001	0.001	0.995
0.995	0.001	0.001	0.003
0.624	0.001	0.001	0.374
0.997	0.001	0.001	0.001
0.59	0.001	0.186	0.223
0.371	0.122	0.347	0.16
0.24	0.29	0.29	0.181
0.268	0.279	0.277	0.175
0.281	0.26	0.277	0.182

MOTIF motif_s/_3 5-TGGCAACGYTGC 
letter-probability matrix: alength= 4 w= 12 nsites= 20 E= 1e-161 
0.063	0.174	0.014	0.749
0.019	0.001	0.807	0.173
0.135	0.001	0.828	0.036
0.004	0.981	0.014	0.001
0.997	0.001	0.001	0.001
0.778	0.053	0.072	0.097
0.001	0.765	0.001	0.233
0.191	0.097	0.572	0.14
0.072	0.428	0.133	0.367
0.123	0.217	0.044	0.616
0.034	0.098	0.696	0.172
0.17	0.43	0.123	0.276

MOTIF motif_s/_2 1-NNKCAGTYDN 
letter-probability matrix: alength= 4 w= 10 nsites= 20 E= 1e-283 
0.245	0.261	0.226	0.268
0.288	0.199	0.281	0.232
0.192	0.162	0.284	0.361
0.001	0.997	0.001	0.001
0.976	0.001	0.001	0.022
0.001	0.001	0.826	0.172
0.398	0.001	0.001	0.6
0.267	0.434	0.001	0.298
0.257	0.155	0.332	0.255
0.266	0.227	0.259	0.248

MOTIF motif_s/_5 9-TCTCCGACACGG 
letter-probability matrix: alength= 4 w= 12 nsites= 20 E= 1e-58 
0.001	0.001	0.001	0.997
0.001	0.997	0.001	0.001
0.276	0.001	0.092	0.631
0.001	0.997	0.001	0.001
0.001	0.815	0.001	0.183
0.001	0.001	0.997	0.001
0.997	0.001	0.001	0.001
0.001	0.815	0.001	0.183
0.815	0.183	0.001	0.001
0.001	0.997	0.001	0.001
0.001	0.001	0.997	0.001
0.065	0.001	0.933	0.001

MOTIF motif_s/_4 6-MWAGATGGCK 
letter-probability matrix: alength= 4 w= 10 nsites= 20 E= 1e-89 
0.484	0.404	0.068	0.043
0.452	0.14	0.019	0.389
0.997	0.001	0.001	0.001
0.156	0.145	0.622	0.077
0.841	0.001	0.157	0.001
0.018	0.001	0.042	0.939
0.001	0.001	0.997	0.001
0.021	0.001	0.866	0.112
0.023	0.852	0.009	0.116
0.096	0.055	0.448	0.401

MOTIF motif_s/_7 11-WKYCGAGTGAGC 
letter-probability matrix: alength= 4 w= 12 nsites= 20 E= 1e-43 
0.446	0.022	0.174	0.357
0.043	0.036	0.528	0.393
0.011	0.453	0.01	0.526
0.028	0.624	0.029	0.319
0.065	0.045	0.852	0.038
0.66	0.022	0.284	0.034
0.249	0.228	0.472	0.05
0.031	0.227	0.164	0.578
0.031	0.249	0.491	0.228
0.521	0.198	0.24	0.041
0.188	0.194	0.397	0.221
0.041	0.487	0.206	0.267

MOTIF motif_s/_6 8-GGGTGATHAA 
letter-probability matrix: alength= 4 w= 10 nsites= 20 E= 1e-45 
0.001	0.001	0.997	0.001
0.001	0.001	0.997	0.001
0.001	0.001	0.997	0.001
0.001	0.38	0.001	0.618
0.262	0.127	0.61	0.001
0.872	0.126	0.001	0.001
0.001	0.001	0.392	0.606
0.384	0.361	0.001	0.254
0.997	0.001	0.001	0.001
0.997	0.001	0.001	0.001

MOTIF motif_s/_53 14-TTTGACAG 
letter-probability matrix: alength= 4 w= 8 nsites= 20 E= 1e-30 
0.02	0.058	0.045	0.877
0.025	0.117	0.001	0.857
0.028	0.001	0.001	0.97
0.031	0.001	0.967	0.001
0.968	0.001	0.03	0.001
0.02	0.965	0.001	0.014
0.997	0.001	0.001	0.001
0.104	0.111	0.688	0.097

MOTIF motif_s/_59 20-MCMACMAC 
letter-probability matrix: alength= 4 w= 8 nsites= 20 E= 1e-16 
0.448	0.45	0.1	0.003
0.001	0.58	0.209	0.21
0.52	0.383	0.096	0.001
0.997	0.001	0.001	0.001
0.001	0.997	0.001	0.001
0.441	0.33	0.001	0.228
0.873	0.088	0.001	0.038
0.001	0.997	0.001	0.001

MOTIF motif_s/_58 22-TGAAACGAGA 
letter-probability matrix: alength= 4 w= 10 nsites= 20 E= 1e-18 
0.001	0.001	0.001	0.997
0.008	0.001	0.935	0.056
0.94	0.058	0.001	0.001
0.59	0.077	0.247	0.086
0.9	0.001	0.038	0.061
0.001	0.99	0.008	0.001
0.001	0.23	0.768	0.001
0.884	0.001	0.077	0.038
0.006	0.008	0.982	0.004
0.633	0.001	0.032	0.334

MOTIF motif_s/_206 19-TGACGTTT 
letter-probability matrix: alength= 4 w= 8 nsites= 20 E= 1e-19 
0.087	0.001	0.001	0.911
0.001	0.001	0.863	0.135
0.997	0.001	0.001	0.001
0.001	0.997	0.001	0.001
0.001	0.001	0.997	0.001
0.001	0.001	0.094	0.904
0.001	0.001	0.196	0.802
0.062	0.001	0.001	0.936

MOTIF motif_s/_201 14-CGGCAACAACTK 
letter-probability matrix: alength= 4 w= 12 nsites= 20 E= 1e-36 
0.137	0.658	0.204	0.001
0.1	0.068	0.761	0.071
0.072	0.036	0.89	0.002
0.068	0.897	0.034	0.001
0.828	0.068	0.103	0.001
0.963	0.001	0.035	0.001
0.001	0.761	0.204	0.034
0.963	0.001	0.035	0.001
0.965	0.033	0.001	0.001
0.001	0.896	0.068	0.035
0.24	0.001	0.034	0.725
0.001	0.155	0.492	0.352

MOTIF motif_s/_200 12-CCGCTAGAKGGC 
letter-probability matrix: alength= 4 w= 12 nsites= 20 E= 1e-40 
0.211	0.699	0.015	0.075
0.014	0.984	0.001	0.001
0.135	0.001	0.819	0.045
0.001	0.786	0.061	0.152
0.015	0.214	0.001	0.77
0.984	0.001	0.014	0.001
0.001	0.001	0.997	0.001
0.653	0.03	0.271	0.046
0.06	0.151	0.366	0.424
0.076	0.257	0.546	0.121
0.152	0.075	0.516	0.257
0.136	0.637	0.076	0.151

MOTIF motif_s/_203 15-AACGAGGCGAAA 
letter-probability matrix: alength= 4 w= 12 nsites= 20 E= 1e-27 
0.813	0.145	0.001	0.041
0.997	0.001	0.001	0.001
0.001	0.794	0.001	0.204
0.214	0.001	0.744	0.041
0.835	0.001	0.001	0.163
0.082	0.041	0.876	0.001
0.055	0.001	0.854	0.09
0.041	0.812	0.106	0.041
0.171	0.001	0.705	0.123
0.876	0.082	0.041	0.001
0.746	0.088	0.165	0.001
0.997	0.001	0.001	0.001

MOTIF motif_s/_202 8-TTGASA 
letter-probability matrix: alength= 4 w= 6 nsites= 20 E= 1e-35 
0.001	0.261	0.145	0.593
0.001	0.189	0.001	0.809
0.001	0.273	0.725	0.001
0.623	0.001	0.071	0.305
0.004	0.408	0.452	0.135
0.862	0.001	0.001	0.136

MOTIF motif_s/_164 23-ACCACGCT 
letter-probability matrix: alength= 4 w= 8 nsites= 20 E= 1e-13 
0.997	0.001	0.001	0.001
0.001	0.997	0.001	0.001
0.203	0.795	0.001	0.001
0.997	0.001	0.001	0.001
0.001	0.997	0.001	0.001
0.001	0.001	0.997	0.001
0.001	0.997	0.001	0.001
0.001	0.001	0.001	0.997

MOTIF motif_s/_50 13-GAGAAAAGGCGA 
letter-probability matrix: alength= 4 w= 12 nsites= 20 E= 1e-36 
0.006	0.001	0.992	0.001
0.986	0.001	0.012	0.001
0.001	0.012	0.986	0.001
0.986	0.012	0.001	0.001
0.997	0.001	0.001	0.001
0.975	0.012	0.001	0.012
0.997	0.001	0.001	0.001
0.013	0.013	0.961	0.013
0.012	0.001	0.729	0.258
0.001	0.961	0.001	0.037
0.013	0.103	0.871	0.013
0.961	0.001	0.001	0.037

MOTIF motif_s/_166 1-GTATAAAARSVG 
letter-probability matrix: alength= 4 w= 12 nsites= 20 E= 1e-300 
0.238	0.188	0.489	0.085
0.023	0.001	0.033	0.943
0.883	0.019	0.042	0.056
0.012	0.019	0.028	0.941
0.967	0.005	0.019	0.009
0.732	0.009	0.033	0.226
0.929	0.014	0.052	0.005
0.822	0.009	0.075	0.094
0.395	0.085	0.441	0.08
0.212	0.291	0.393	0.103
0.256	0.241	0.39	0.113
0.227	0.23	0.449	0.094

MOTIF motif_s/_167 5-TGGCAACGYTGY 
letter-probability matrix: alength= 4 w= 12 nsites= 20 E= 1e-138 
0.043	0.172	0.014	0.771
0.014	0.014	0.85	0.122
0.093	0.001	0.878	0.028
0.028	0.964	0.007	0.001
0.95	0.001	0.035	0.014
0.859	0.036	0.054	0.051
0.022	0.815	0.007	0.156
0.187	0.062	0.586	0.165
0.014	0.486	0.124	0.376
0.083	0.256	0.065	0.596
0.022	0.079	0.789	0.11
0.121	0.421	0.069	0.389

MOTIF motif_s/_55 16-GTCGTGACGTTT 
letter-probability matrix: alength= 4 w= 12 nsites= 20 E= 1e-23 
0.109	0.061	0.77	0.06
0.036	0.085	0.048	0.831
0.097	0.754	0.06	0.089
0.036	0.084	0.783	0.097
0.036	0.036	0.06	0.868
0.133	0.06	0.759	0.048
0.844	0.048	0.024	0.084
0.036	0.867	0.024	0.073
0.036	0.024	0.904	0.036
0.012	0.072	0.048	0.868
0.012	0.024	0.084	0.88
0.036	0.024	0.048	0.892

MOTIF motif_s/_208 21-GTGTCTTCAGGG 
letter-probability matrix: alength= 4 w= 12 nsites= 20 E= 1e-19 
0.057	0.029	0.885	0.029
0.201	0.116	0.029	0.654
0.143	0.058	0.77	0.029
0.086	0.029	0.057	0.828
0.057	0.798	0.029	0.116
0.058	0.001	0.057	0.884
0.057	0.001	0.057	0.885
0.028	0.943	0.028	0.001
0.942	0.001	0.001	0.056
0.115	0.001	0.827	0.057
0.174	0.057	0.683	0.086
0.029	0.001	0.942	0.028

MOTIF motif_s/_162 23-TGTTGTTCTTAC 
letter-probability matrix: alength= 4 w= 12 nsites= 20 E= 1e-15 
0.057	0.081	0.073	0.789
0.081	0.083	0.717	0.119
0.049	0.085	0.051	0.815
0.075	0.035	0.049	0.841
0.086	0.061	0.708	0.145
0.047	0.053	0.068	0.832
0.055	0.065	0.055	0.825
0.083	0.649	0.107	0.161
0.082	0.072	0.075	0.771
0.084	0.108	0.095	0.713
0.634	0.113	0.094	0.159
0.088	0.707	0.092	0.113

MOTIF motif_s/_163 23-TCTTCAGGGA 
letter-probability matrix: alength= 4 w= 10 nsites= 20 E= 1e-14 
0.001	0.001	0.001	0.997
0.001	0.997	0.001	0.001
0.001	0.001	0.001	0.997
0.001	0.001	0.001	0.997
0.001	0.997	0.001	0.001
0.997	0.001	0.001	0.001
0.001	0.034	0.964	0.001
0.001	0.001	0.997	0.001
0.001	0.001	0.997	0.001
0.964	0.034	0.001	0.001

MOTIF motif_s/_178 12-GCAGCGCACTAT 
letter-probability matrix: alength= 4 w= 12 nsites= 20 E= 1e-32 
0.001	0.001	0.974	0.024
0.001	0.997	0.001	0.001
0.908	0.036	0.001	0.055
0.001	0.036	0.908	0.055
0.037	0.618	0.018	0.327
0.037	0.055	0.89	0.018
0.018	0.946	0.018	0.018
0.742	0.001	0.018	0.239
0.038	0.851	0.018	0.093
0.037	0.037	0.018	0.908
0.509	0.146	0.235	0.11
0.11	0.075	0.055	0.76

MOTIF motif_s/_93 7-GCATCTCCGACA 
letter-probability matrix: alength= 4 w= 12 nsites= 20 E= 1e-62 
0.001	0.001	0.997	0.001
0.001	0.695	0.061	0.243
0.991	0.001	0.007	0.001
0.001	0.008	0.008	0.983
0.001	0.997	0.001	0.001
0.016	0.001	0.001	0.982
0.001	0.991	0.001	0.007
0.001	0.991	0.001	0.007
0.008	0.008	0.976	0.008
0.991	0.001	0.001	0.007
0.001	0.982	0.001	0.016
0.965	0.033	0.001	0.001

MOTIF motif_s/_91 4-TGGCAACGYTGH 
letter-probability matrix: alength= 4 w= 12 nsites= 20 E= 1e-170 
0.041	0.136	0.027	0.796
0.006	0.001	0.898	0.095
0.157	0.001	0.822	0.02
0.001	0.997	0.001	0.001
0.979	0.001	0.019	0.001
0.836	0.014	0.075	0.075
0.013	0.816	0.001	0.17
0.28	0.116	0.547	0.057
0.102	0.398	0.103	0.398
0.123	0.294	0.05	0.533
0.055	0.048	0.719	0.178
0.226	0.364	0.116	0.294

MOTIF motif_s/_179 14-ACACGTGTTT 
letter-probability matrix: alength= 4 w= 10 nsites= 20 E= 1e-26 
0.739	0.077	0.122	0.062
0.058	0.786	0.086	0.07
0.845	0.032	0.053	0.07
0.038	0.802	0.087	0.073
0.051	0.054	0.786	0.109
0.044	0.051	0.044	0.861
0.062	0.05	0.841	0.047
0.048	0.049	0.079	0.824
0.047	0.08	0.119	0.754
0.095	0.074	0.065	0.766

MOTIF motif_s/_169 7-ACGGCAACAACT 
letter-probability matrix: alength= 4 w= 12 nsites= 20 E= 1e-61 
0.981	0.017	0.001	0.001
0.001	0.997	0.001	0.001
0.044	0.001	0.954	0.001
0.001	0.009	0.954	0.036
0.027	0.854	0.001	0.118
0.997	0.001	0.001	0.001
0.99	0.001	0.008	0.001
0.009	0.981	0.009	0.001
0.99	0.008	0.001	0.001
0.945	0.001	0.045	0.009
0.001	0.963	0.009	0.027
0.001	0.008	0.001	0.99

MOTIF motif_s/_177 13-TGTSAAYA 
letter-probability matrix: alength= 4 w= 8 nsites= 20 E= 1e-33 
0.172	0.001	0.001	0.826
0.115	0.072	0.812	0.001
0.197	0.001	0.001	0.801
0.242	0.408	0.35	0.001
0.958	0.001	0.001	0.04
0.711	0.001	0.256	0.032
0.172	0.441	0.039	0.348
0.607	0.113	0.001	0.279

MOTIF motif_s/_47 10-ACACGDYAACAA 
letter-probability matrix: alength= 4 w= 12 nsites= 20 E= 1e-46 
0.849	0.095	0.034	0.022
0.011	0.933	0.023	0.033
0.775	0.169	0.045	0.011
0.196	0.657	0.125	0.022
0.323	0.112	0.564	0.001
0.31	0.011	0.349	0.33
0.194	0.434	0.034	0.338
0.853	0.011	0.113	0.023
0.832	0.022	0.124	0.022
0.272	0.639	0.078	0.011
0.933	0.011	0.045	0.011
0.547	0.022	0.273	0.158

MOTIF motif_s/_44 7-AAGTCGTCTG 
letter-probability matrix: alength= 4 w= 10 nsites= 20 E= 1e-83 
0.687	0.117	0.103	0.093
0.689	0.043	0.129	0.139
0.065	0.039	0.794	0.102
0.079	0.065	0.103	0.753
0.047	0.805	0.053	0.095
0.044	0.046	0.854	0.056
0.057	0.047	0.045	0.851
0.03	0.869	0.061	0.04
0.041	0.042	0.057	0.86
0.047	0.087	0.843	0.023

MOTIF motif_s/_45 8-GGGTDAGAAAAA 
letter-probability matrix: alength= 4 w= 12 nsites= 20 E= 1e-52 
0.001	0.001	0.921	0.077
0.001	0.001	0.997	0.001
0.001	0.001	0.997	0.001
0.001	0.001	0.001	0.997
0.311	0.078	0.3	0.311
0.997	0.001	0.001	0.001
0.001	0.077	0.594	0.328
0.672	0.326	0.001	0.001
0.997	0.001	0.001	0.001
0.921	0.001	0.077	0.001
0.921	0.077	0.001	0.001
0.997	0.001	0.001	0.001

MOTIF motif_s/_42 4-AWHTGGCAACRY 
letter-probability matrix: alength= 4 w= 12 nsites= 20 E= 1e-138 
0.738	0.031	0.164	0.067
0.366	0.177	0.085	0.371
0.201	0.341	0.164	0.295
0.058	0.31	0.012	0.62
0.001	0.001	0.969	0.029
0.285	0.001	0.65	0.064
0.001	0.997	0.001	0.001
0.997	0.001	0.001	0.001
0.799	0.001	0.115	0.085
0.001	0.852	0.001	0.146
0.361	0.073	0.442	0.123
0.103	0.317	0.213	0.367

MOTIF motif_s/_43 6-WAGATGGCKN 
letter-probability matrix: alength= 4 w= 10 nsites= 20 E= 1e-86 
0.407	0.242	0.024	0.326
0.957	0.017	0.01	0.016
0.202	0.167	0.492	0.139
0.622	0.029	0.321	0.028
0.012	0.023	0.237	0.728
0.013	0.025	0.941	0.021
0.046	0.025	0.673	0.256
0.208	0.73	0.012	0.05
0.153	0.167	0.352	0.327
0.2	0.231	0.32	0.249

MOTIF motif_s/_171 9-GGGTGAKCAAAA 
letter-probability matrix: alength= 4 w= 12 nsites= 20 E= 1e-51 
0.324	0.107	0.516	0.053
0.01	0.059	0.93	0.001
0.17	0.001	0.776	0.053
0.057	0.001	0.053	0.889
0.169	0.012	0.765	0.054
0.941	0.054	0.001	0.004
0.003	0.106	0.513	0.378
0.302	0.589	0.053	0.056
0.89	0.053	0.004	0.053
0.892	0.054	0.053	0.001
0.833	0.165	0.001	0.001
0.785	0.001	0.16	0.054

MOTIF motif_s/_41 1-NDTCAGTCDN 
letter-probability matrix: alength= 4 w= 10 nsites= 20 E= 1e-276 
0.238	0.273	0.252	0.237
0.259	0.065	0.314	0.362
0.027	0.117	0.309	0.547
0.051	0.812	0.025	0.112
0.988	0.001	0.001	0.01
0.001	0.023	0.837	0.139
0.249	0.001	0.001	0.749
0.139	0.588	0.135	0.138
0.275	0.021	0.379	0.325
0.213	0.254	0.243	0.289

MOTIF motif_s/_54 19-CAACATGAAG 
letter-probability matrix: alength= 4 w= 10 nsites= 20 E= 1e-24 
0.001	0.968	0.03	0.001
0.965	0.015	0.019	0.001
0.895	0.032	0.001	0.072
0.081	0.878	0.04	0.001
0.978	0.001	0.008	0.013
0.027	0.02	0.009	0.944
0.001	0.031	0.967	0.001
0.84	0.158	0.001	0.001
0.968	0.001	0.019	0.012
0.152	0.001	0.809	0.038

MOTIF motif_s/_175 12-CTAGCAGACT 
letter-probability matrix: alength= 4 w= 10 nsites= 20 E= 1e-35 
0.101	0.715	0.09	0.094
0.097	0.047	0.067	0.789
0.777	0.056	0.056	0.111
0.038	0.057	0.878	0.027
0.1	0.828	0.043	0.029
0.831	0.053	0.056	0.06
0.051	0.02	0.87	0.059
0.739	0.089	0.115	0.057
0.043	0.834	0.06	0.063
0.114	0.068	0.073	0.745

MOTIF motif_s/_148 10-AACTGCAGYGCA 
letter-probability matrix: alength= 4 w= 12 nsites= 20 E= 1e-37 
0.942	0.053	0.004	0.001
0.73	0.004	0.265	0.001
0.004	0.942	0.053	0.001
0.216	0.004	0.053	0.727
0.001	0.004	0.836	0.159
0.004	0.78	0.163	0.053
0.734	0.053	0.001	0.212
0.001	0.001	0.946	0.052
0.057	0.398	0.001	0.544
0.163	0.185	0.44	0.212
0.001	0.997	0.001	0.001
0.781	0.001	0.001	0.217

MOTIF motif_s/_149 11-AGAGAAAAGTCG 
letter-probability matrix: alength= 4 w= 12 nsites= 20 E= 1e-33 
0.994	0.004	0.001	0.001
0.001	0.001	0.997	0.001
0.81	0.005	0.184	0.001
0.047	0.001	0.86	0.092
0.997	0.001	0.001	0.001
0.907	0.001	0.001	0.091
0.902	0.001	0.001	0.096
0.907	0.001	0.001	0.091
0.001	0.092	0.904	0.003
0.092	0.001	0.301	0.606
0.092	0.712	0.001	0.195
0.001	0.137	0.676	0.186

MOTIF motif_s/_48 8-TTAGTG 
letter-probability matrix: alength= 4 w= 6 nsites= 20 E= 1e-45 
0.001	0.001	0.001	0.997
0.001	0.021	0.001	0.977
0.997	0.001	0.001	0.001
0.001	0.001	0.997	0.001
0.001	0.001	0.001	0.997
0.182	0.001	0.816	0.001

MOTIF motif_s/_142 5-TGGCAACGYTGY 
letter-probability matrix: alength= 4 w= 12 nsites= 20 E= 1e-148 
0.066	0.251	0.014	0.669
0.001	0.007	0.892	0.1
0.129	0.001	0.849	0.021
0.001	0.997	0.001	0.001
0.997	0.001	0.001	0.001
0.791	0.061	0.059	0.089
0.001	0.781	0.001	0.217
0.229	0.143	0.52	0.108
0.072	0.377	0.136	0.416
0.186	0.273	0.1	0.441
0.043	0.107	0.578	0.272
0.215	0.309	0.108	0.368

MOTIF motif_s/_143 7-AGATGGCKGY 
letter-probability matrix: alength= 4 w= 10 nsites= 20 E= 1e-104 
0.942	0.037	0.001	0.02
0.276	0.123	0.558	0.043
0.887	0.001	0.07	0.042
0.038	0.018	0.147	0.797
0.061	0.001	0.905	0.033
0.001	0.006	0.863	0.13
0.007	0.949	0.007	0.037
0.182	0.076	0.427	0.314
0.14	0.169	0.467	0.224
0.142	0.383	0.077	0.399

MOTIF motif_s/_140 1-GTATAAAAAVVS 
letter-probability matrix: alength= 4 w= 12 nsites= 20 E= 1e-308 
0.253	0.257	0.424	0.066
0.033	0.055	0.052	0.86
0.919	0.004	0.004	0.073
0.018	0.004	0.037	0.941
0.952	0.007	0.001	0.04
0.651	0.001	0.047	0.301
0.989	0.001	0.007	0.003
0.69	0.015	0.102	0.193
0.479	0.083	0.317	0.121
0.226	0.259	0.356	0.16
0.25	0.264	0.352	0.134
0.209	0.268	0.38	0.143

MOTIF motif_s/_141 1-TCAGTCVB 
letter-probability matrix: alength= 4 w= 8 nsites= 20 E= 1e-298 
0.068	0.11	0.295	0.527
0.001	0.765	0.001	0.233
0.916	0.001	0.082	0.001
0.001	0.109	0.703	0.187
0.313	0.001	0.001	0.685
0.169	0.621	0.001	0.209
0.268	0.239	0.366	0.127
0.181	0.218	0.333	0.268

MOTIF motif_s/_146 9-AGCAGA 
letter-probability matrix: alength= 4 w= 6 nsites= 20 E= 1e-48 
0.7	0.1	0.1	0.1
0.1	0.1	0.7	0.1
0.1	0.7	0.1	0.1
0.7	0.1	0.1	0.1
0.1	0.1	0.7	0.1
0.7	0.1	0.1	0.1

MOTIF motif_s/_147 11-ATCTCCGACA 
letter-probability matrix: alength= 4 w= 10 nsites= 20 E= 1e-39 
0.997	0.001	0.001	0.001
0.011	0.001	0.001	0.987
0.001	0.997	0.001	0.001
0.001	0.001	0.001	0.997
0.001	0.987	0.011	0.001
0.001	0.997	0.001	0.001
0.001	0.012	0.975	0.012
0.981	0.006	0.001	0.012
0.001	0.997	0.001	0.001
0.965	0.033	0.001	0.001

MOTIF motif_s/_144 8-GGGTBRBMAAAA 
letter-probability matrix: alength= 4 w= 12 nsites= 20 E= 1e-50 
0.084	0.042	0.725	0.149
0.075	0.074	0.809	0.042
0.32	0.021	0.648	0.011
0.042	0.001	0.053	0.904
0.117	0.276	0.3	0.307
0.521	0.011	0.414	0.054
0.043	0.234	0.363	0.36
0.459	0.467	0.042	0.032
0.863	0.021	0.074	0.042
0.926	0.021	0.032	0.021
0.586	0.403	0.01	0.001
0.788	0.106	0.085	0.021

MOTIF motif_s/_145 10-CGCYAGWKNG 
letter-probability matrix: alength= 4 w= 10 nsites= 20 E= 1e-50 
0.134	0.864	0.001	0.001
0.287	0.001	0.711	0.001
0.035	0.736	0.191	0.038
0.001	0.446	0.034	0.519
0.997	0.001	0.001	0.001
0.001	0.001	0.875	0.123
0.449	0.001	0.2	0.349
0.034	0.001	0.522	0.443
0.24	0.178	0.318	0.265
0.132	0.147	0.498	0.223

MOTIF motif_s/_46 10-ATCTCCGACA 
letter-probability matrix: alength= 4 w= 10 nsites= 20 E= 1e-50 
0.979	0.001	0.019	0.001
0.001	0.001	0.001	0.997
0.009	0.989	0.001	0.001
0.001	0.001	0.001	0.997
0.001	0.997	0.001	0.001
0.001	0.997	0.001	0.001
0.001	0.001	0.989	0.009
0.979	0.01	0.01	0.001
0.011	0.987	0.001	0.001
0.95	0.048	0.001	0.001

MOTIF motif_s/_39 23-TCTTCAGGGA 
letter-probability matrix: alength= 4 w= 10 nsites= 20 E= 1e-13 
0.001	0.001	0.001	0.997
0.001	0.997	0.001	0.001
0.001	0.001	0.001	0.997
0.039	0.001	0.001	0.959
0.001	0.997	0.001	0.001
0.997	0.001	0.001	0.001
0.001	0.001	0.997	0.001
0.001	0.001	0.997	0.001
0.001	0.001	0.997	0.001
0.997	0.001	0.001	0.001

MOTIF motif_s/_38 22-AATGGGCGAAAC 
letter-probability matrix: alength= 4 w= 12 nsites= 20 E= 1e-15 
0.911	0.029	0.059	0.001
0.852	0.059	0.088	0.001
0.062	0.059	0.06	0.819
0.118	0.001	0.793	0.088
0.066	0.001	0.904	0.029
0.089	0.03	0.763	0.118
0.03	0.909	0.03	0.031
0.119	0.059	0.821	0.001
0.615	0.266	0.089	0.03
0.969	0.001	0.001	0.029
0.793	0.059	0.089	0.059
0.059	0.881	0.059	0.001

MOTIF motif_s/_176 12-TCAKTGYT 
letter-probability matrix: alength= 4 w= 8 nsites= 20 E= 1e-34 
0.005	0.031	0.272	0.692
0.065	0.795	0.001	0.139
0.849	0.001	0.149	0.001
0.001	0.001	0.488	0.51
0.054	0.001	0.193	0.752
0.394	0.001	0.604	0.001
0.079	0.371	0.069	0.481
0.002	0.032	0.031	0.935

MOTIF motif_s/_33 16-CCGCTAGAGG 
letter-probability matrix: alength= 4 w= 10 nsites= 20 E= 1e-30 
0.105	0.808	0.07	0.017
0.001	0.982	0.016	0.001
0.017	0.001	0.965	0.017
0.022	0.839	0.122	0.017
0.001	0.001	0.001	0.997
0.982	0.001	0.016	0.001
0.009	0.001	0.989	0.001
0.989	0.001	0.009	0.001
0.001	0.037	0.687	0.275
0.017	0.052	0.879	0.052

MOTIF motif_s/_32 15-GTTTTGACWT 
letter-probability matrix: alength= 4 w= 10 nsites= 20 E= 1e-31 
0.231	0.109	0.41	0.25
0.192	0.001	0.001	0.806
0.001	0.001	0.203	0.795
0.002	0.203	0.255	0.54
0.001	0.001	0.254	0.744
0.15	0.145	0.471	0.234
0.732	0.001	0.126	0.141
0.288	0.465	0.087	0.161
0.437	0.001	0.196	0.366
0.176	0.196	0.178	0.45

MOTIF motif_s/_31 11-CGCACGTG 
letter-probability matrix: alength= 4 w= 8 nsites= 20 E= 1e-32 
0.203	0.592	0.001	0.204
0.345	0.072	0.582	0.001
0.001	0.585	0.413	0.001
0.88	0.001	0.001	0.118
0.001	0.955	0.043	0.001
0.001	0.001	0.997	0.001
0.001	0.056	0.001	0.942
0.001	0.086	0.709	0.204

MOTIF motif_s/_30 12-AGAGAAAAGGCG 
letter-probability matrix: alength= 4 w= 12 nsites= 20 E= 1e-33 
0.986	0.012	0.001	0.001
0.001	0.001	0.997	0.001
0.986	0.012	0.001	0.001
0.001	0.001	0.997	0.001
0.997	0.001	0.001	0.001
0.997	0.001	0.001	0.001
0.986	0.001	0.001	0.012
0.997	0.001	0.001	0.001
0.026	0.013	0.948	0.013
0.013	0.001	0.719	0.267
0.001	0.973	0.001	0.025
0.039	0.067	0.893	0.001

MOTIF motif_s/_37 22-CCACAACAAC 
letter-probability matrix: alength= 4 w= 10 nsites= 20 E= 1e-16 
0.104	0.678	0.092	0.126
0.167	0.61	0.121	0.102
0.705	0.105	0.094	0.096
0.108	0.727	0.079	0.086
0.696	0.117	0.086	0.101
0.715	0.097	0.08	0.108
0.09	0.765	0.078	0.067
0.701	0.101	0.082	0.116
0.693	0.111	0.112	0.084
0.109	0.711	0.089	0.09

MOTIF motif_s/_139 24-GATTCAAAAC 
letter-probability matrix: alength= 4 w= 10 nsites= 20 E= 1e-13 
0.102	0.001	0.896	0.001
0.997	0.001	0.001	0.001
0.001	0.001	0.001	0.997
0.001	0.001	0.001	0.997
0.001	0.997	0.001	0.001
0.981	0.001	0.001	0.017
0.925	0.001	0.041	0.033
0.997	0.001	0.001	0.001
0.997	0.001	0.001	0.001
0.001	0.997	0.001	0.001

MOTIF motif_s/_35 18-TGGTCGTGACGT 
letter-probability matrix: alength= 4 w= 12 nsites= 20 E= 1e-21 
0.001	0.082	0.001	0.916
0.001	0.202	0.595	0.202
0.1	0.001	0.898	0.001
0.001	0.001	0.001	0.997
0.101	0.589	0.001	0.309
0.1	0.001	0.898	0.001
0.001	0.001	0.001	0.997
0.001	0.404	0.594	0.001
0.997	0.001	0.001	0.001
0.001	0.997	0.001	0.001
0.001	0.001	0.898	0.1
0.001	0.001	0.001	0.997

MOTIF motif_s/_49 12-CTGCAGHGCACT 
letter-probability matrix: alength= 4 w= 12 nsites= 20 E= 1e-36 
0.066	0.791	0.005	0.138
0.095	0.096	0.087	0.722
0.003	0.111	0.708	0.178
0.095	0.719	0.064	0.122
0.663	0.058	0.003	0.276
0.085	0.106	0.669	0.14
0.252	0.39	0.003	0.356
0.162	0.156	0.679	0.003
0.133	0.673	0.093	0.101
0.621	0.05	0.069	0.26
0.162	0.509	0.172	0.157
0.127	0.069	0.072	0.732

