MEME version 4
ALPHABET= ACGT

MOTIF motif_Train9_2 1-KTCAGTCG 
letter-probability matrix: alength= 4 w= 8 nsites= 20 E= 1e-262 
0.189	0.177	0.268	0.366
0.027	0.064	0.291	0.618
0.001	0.881	0.001	0.117
0.963	0.001	0.017	0.019
0.001	0.001	0.976	0.022
0.246	0.028	0.055	0.671
0.034	0.666	0.001	0.299
0.039	0.133	0.708	0.12

MOTIF motif_Train5_2 2-NNTCAGTCGW 
letter-probability matrix: alength= 4 w= 10 nsites= 20 E= 1e-258 
0.237	0.298	0.261	0.204
0.278	0.155	0.289	0.278
0.116	0.121	0.294	0.469
0.001	0.972	0.001	0.026
0.975	0.004	0.009	0.012
0.001	0.001	0.937	0.061
0.361	0.029	0.001	0.609
0.211	0.55	0.001	0.238
0.269	0.065	0.446	0.22
0.287	0.168	0.182	0.363

MOTIF motif_Train6_2 1-NRTCAGTCGH 
letter-probability matrix: alength= 4 w= 10 nsites= 20 E= 1e-284 
0.225	0.293	0.202	0.28
0.354	0.181	0.277	0.187
0.085	0.095	0.261	0.559
0.032	0.966	0.001	0.001
0.997	0.001	0.001	0.001
0.001	0.001	0.997	0.001
0.221	0.001	0.001	0.777
0.053	0.71	0.001	0.236
0.089	0.087	0.513	0.311
0.264	0.223	0.177	0.337

MOTIF motif_Train1_2 1-NNKCAGTYDN 
letter-probability matrix: alength= 4 w= 10 nsites= 20 E= 1e-283 
0.245	0.261	0.226	0.268
0.288	0.199	0.281	0.232
0.192	0.162	0.284	0.361
0.001	0.997	0.001	0.001
0.976	0.001	0.001	0.022
0.001	0.001	0.826	0.172
0.398	0.001	0.001	0.6
0.267	0.434	0.001	0.298
0.257	0.155	0.332	0.255
0.266	0.227	0.259	0.248

MOTIF motif_Train2_2 1-DTCAGTCG 
letter-probability matrix: alength= 4 w= 8 nsites= 20 E= 1e-293 
0.224	0.17	0.351	0.254
0.001	0.001	0.257	0.741
0.001	0.997	0.001	0.001
0.997	0.001	0.001	0.001
0.001	0.001	0.997	0.001
0.257	0.001	0.001	0.741
0.037	0.589	0.001	0.373
0.038	0.045	0.84	0.077

MOTIF motif_Train7_2 1-TCAGTCVB 
letter-probability matrix: alength= 4 w= 8 nsites= 20 E= 1e-298 
0.068	0.11	0.295	0.527
0.001	0.765	0.001	0.233
0.916	0.001	0.082	0.001
0.001	0.109	0.703	0.187
0.313	0.001	0.001	0.685
0.169	0.621	0.001	0.209
0.268	0.239	0.366	0.127
0.181	0.218	0.333	0.268

MOTIF motif_Train3_2 1-NDTCAGTCDN 
letter-probability matrix: alength= 4 w= 10 nsites= 20 E= 1e-276 
0.238	0.273	0.252	0.237
0.259	0.065	0.314	0.362
0.027	0.117	0.309	0.547
0.051	0.812	0.025	0.112
0.988	0.001	0.001	0.01
0.001	0.023	0.837	0.139
0.249	0.001	0.001	0.749
0.139	0.588	0.135	0.138
0.275	0.021	0.379	0.325
0.213	0.254	0.243	0.289

MOTIF motif_Train8_1 1-NNKCAGTYGN 
letter-probability matrix: alength= 4 w= 10 nsites= 20 E= 1e-308 
0.272	0.265	0.209	0.254
0.303	0.173	0.244	0.28
0.164	0.211	0.242	0.382
0.188	0.81	0.001	0.001
0.997	0.001	0.001	0.001
0.019	0.13	0.82	0.031
0.334	0.077	0.001	0.588
0.137	0.49	0.001	0.372
0.15	0.182	0.456	0.212
0.237	0.218	0.237	0.307

MOTIF motif_10_2 1-NNKCAGTCGN 
letter-probability matrix: alength= 4 w= 10 nsites= 20 E= 1e-283 
0.27	0.26	0.22	0.249
0.309	0.173	0.244	0.274
0.032	0.096	0.378	0.495
0.001	0.938	0.001	0.06
0.976	0.001	0.022	0.001
0.001	0.001	0.925	0.073
0.229	0.001	0.001	0.769
0.062	0.615	0.001	0.322
0.144	0.176	0.499	0.181
0.267	0.225	0.23	0.277

MOTIF motif_Train4_2 2-GNCAGTCK 
letter-probability matrix: alength= 4 w= 8 nsites= 20 E= 1e-247 
0.225	0.168	0.395	0.211
0.214	0.243	0.208	0.336
0.001	0.832	0.001	0.166
0.878	0.001	0.12	0.001
0.001	0.071	0.748	0.18
0.23	0.001	0.001	0.768
0.001	0.796	0.095	0.108
0.189	0.001	0.439	0.37

