>VTATAAAARNNN	1-VTATAAAARNNN	8.274038	-655.070354	0	T:1116.0(7.30%),B:329.9(1.00%),P:1e-284	Tpos:25.7,Tstd:9.3,Bpos:51.7,Bstd:27.2,StrandBias:10.0,Multiplicity:1.00
0.333	0.302	0.311	0.054
0.001	0.001	0.001	0.997
0.965	0.001	0.001	0.033
0.003	0.001	0.001	0.995
0.995	0.001	0.001	0.003
0.624	0.001	0.001	0.374
0.997	0.001	0.001	0.001
0.590	0.001	0.186	0.223
0.371	0.122	0.347	0.160
0.240	0.290	0.290	0.181
0.268	0.279	0.277	0.175
0.281	0.260	0.277	0.182
>NNKCAGTYDN	1-NNKCAGTYDN	5.053783	-652.158774	0	T:5657.0(36.99%),B:6968.1(21.22%),P:1e-283	Tpos:51.8,Tstd:20.1,Bpos:50.6,Bstd:35.5,StrandBias:10.0,Multiplicity:1.18
0.245	0.261	0.226	0.268
0.288	0.199	0.281	0.232
0.192	0.162	0.284	0.361
0.001	0.997	0.001	0.001
0.976	0.001	0.001	0.022
0.001	0.001	0.826	0.172
0.398	0.001	0.001	0.600
0.267	0.434	0.001	0.298
0.257	0.155	0.332	0.255
0.266	0.227	0.259	0.248
>TGGCAACGYTGC	5-TGGCAACGYTGC	7.779931	-370.948254	0	T:705.0(4.61%),B:245.3(0.75%),P:1e-161	Tpos:29.0,Tstd:18.2,Bpos:48.1,Bstd:29.5,StrandBias:10.0,Multiplicity:1.02
0.063	0.174	0.014	0.749
0.019	0.001	0.807	0.173
0.135	0.001	0.828	0.036
0.004	0.981	0.014	0.001
0.997	0.001	0.001	0.001
0.778	0.053	0.072	0.097
0.001	0.765	0.001	0.233
0.191	0.097	0.572	0.140
0.072	0.428	0.133	0.367
0.123	0.217	0.044	0.616
0.034	0.098	0.696	0.172
0.170	0.430	0.123	0.276
>MWAGATGGCK	6-MWAGATGGCK,BestGuess:MA0531.1_CTCF/Jaspar(0.815)	6.965604	-205.696207	0	T:798.0(5.22%),B:586.3(1.79%),P:1e-89
0.484	0.404	0.068	0.043
0.452	0.140	0.019	0.389
0.997	0.001	0.001	0.001
0.156	0.145	0.622	0.077
0.841	0.001	0.157	0.001
0.018	0.001	0.042	0.939
0.001	0.001	0.997	0.001
0.021	0.001	0.866	0.112
0.023	0.852	0.009	0.116
0.096	0.055	0.448	0.401
>TCTCCGACACGG	9-TCTCCGACACGG,BestGuess:prd/dmmpmm(Noyes)/fly(0.573)	8.566248	-134.767919	0	T:140.0(0.92%),B:8.3(0.03%),P:1e-58
0.001	0.001	0.001	0.997
0.001	0.997	0.001	0.001
0.276	0.001	0.092	0.631
0.001	0.997	0.001	0.001
0.001	0.815	0.001	0.183
0.001	0.001	0.997	0.001
0.997	0.001	0.001	0.001
0.001	0.815	0.001	0.183
0.815	0.183	0.001	0.001
0.001	0.997	0.001	0.001
0.001	0.001	0.997	0.001
0.065	0.001	0.933	0.001
>GGGTGATHAA	8-GGGTGATHAA,BestGuess:CG12361/dmmpmm(Noyes_hd)/fly(0.674)	10.791086	-105.472496	0	T:111.0(0.73%),B:8.0(0.02%),P:1e-45
0.001	0.001	0.997	0.001
0.001	0.001	0.997	0.001
0.001	0.001	0.997	0.001
0.001	0.380	0.001	0.618
0.262	0.127	0.610	0.001
0.872	0.126	0.001	0.001
0.001	0.001	0.392	0.606
0.384	0.361	0.001	0.254
0.997	0.001	0.001	0.001
0.997	0.001	0.001	0.001
>WKYCGAGTGAGC	11-WKYCGAGTGAGC,BestGuess:z/dmmpmm(SeSiMCMC)/fly(0.665)	8.163639	-100.240415	0	T:104.0(0.68%),B:6.1(0.02%),P:1e-43
0.446	0.022	0.174	0.357
0.043	0.036	0.528	0.393
0.011	0.453	0.010	0.526
0.028	0.624	0.029	0.319
0.065	0.045	0.852	0.038
0.660	0.022	0.284	0.034
0.249	0.228	0.472	0.050
0.031	0.227	0.164	0.578
0.031	0.249	0.491	0.228
0.521	0.198	0.240	0.041
0.188	0.194	0.397	0.221
0.041	0.487	0.206	0.267
>CTGTTTAGTCYC	12-CTGTTTAGTCYC,BestGuess:MF0005.1_Forkhead_class/Jaspar(0.707)	9.909245	-95.729655	0	T:110.0(0.72%),B:11.1(0.03%),P:1e-41
0.001	0.997	0.001	0.001
0.065	0.001	0.001	0.933
0.001	0.019	0.901	0.079
0.001	0.019	0.001	0.979
0.001	0.001	0.001	0.997
0.216	0.020	0.020	0.744
0.997	0.001	0.001	0.001
0.020	0.099	0.821	0.060
0.040	0.262	0.236	0.462
0.374	0.585	0.001	0.040
0.178	0.425	0.020	0.376
0.059	0.698	0.001	0.242
>GGCAACAACT	9-GGCAACAACT,BestGuess:Aef1/dmmpmm(Pollard)/fly(0.796)	8.681100	-93.044559	0	T:152.0(0.99%),B:41.1(0.13%),P:1e-40
0.046	0.030	0.923	0.001
0.001	0.001	0.997	0.001
0.029	0.808	0.041	0.122
0.968	0.001	0.001	0.030
0.997	0.001	0.001	0.001
0.001	0.989	0.001	0.009
0.997	0.001	0.001	0.001
0.931	0.012	0.001	0.056
0.001	0.969	0.001	0.029
0.001	0.001	0.029	0.969
>CGCTAGAGGG	10-CGCTAGAGGG,BestGuess:MA0531.1_CTCF/Jaspar(0.599)	7.470390	-91.114645	0	T:268.0(1.75%),B:157.8(0.48%),P:1e-39
0.089	0.821	0.055	0.035
0.097	0.018	0.844	0.041
0.057	0.811	0.056	0.076
0.074	0.142	0.062	0.722
0.914	0.019	0.048	0.019
0.026	0.030	0.859	0.085
0.812	0.066	0.063	0.059
0.023	0.014	0.794	0.169
0.111	0.115	0.689	0.085
0.148	0.029	0.740	0.083
>GAGAAAAGGCGA	13-GAGAAAAGGCGA,BestGuess:MA0459.1_tll/Jaspar(0.628)	11.520154	-88.555803	0	T:105.0(0.69%),B:12.5(0.04%),P:1e-38
0.001	0.001	0.997	0.001
0.986	0.001	0.012	0.001
0.001	0.001	0.997	0.001
0.986	0.012	0.001	0.001
0.997	0.001	0.001	0.001
0.973	0.013	0.001	0.013
0.997	0.001	0.001	0.001
0.013	0.013	0.961	0.013
0.001	0.001	0.718	0.280
0.001	0.960	0.001	0.038
0.013	0.131	0.830	0.026
0.960	0.001	0.001	0.038
>CAACTGCAGTGC	14-CAACTGCAGTGC,BestGuess:Aef1/dmmpmm(Pollard)/fly(0.656)	9.351577	-79.984730	0	T:95.0(0.62%),B:11.7(0.04%),P:1e-34
0.100	0.620	0.171	0.109
0.639	0.094	0.150	0.117
0.624	0.007	0.241	0.128
0.012	0.739	0.077	0.172
0.204	0.118	0.151	0.527
0.099	0.102	0.512	0.287
0.055	0.838	0.036	0.071
0.710	0.040	0.108	0.142
0.125	0.081	0.709	0.085
0.074	0.261	0.068	0.597
0.157	0.098	0.480	0.265
0.186	0.576	0.102	0.136
>TTGTGAATTT	12-TTGTGAATTT,BestGuess:tll/dmmpmm(Papatsenko)/fly(0.784)	6.499862	-66.785012	0	T:1129.0(7.38%),B:1571.7(4.79%),P:1e-29
0.001	0.089	0.015	0.895
0.024	0.074	0.001	0.901
0.088	0.125	0.656	0.131
0.049	0.047	0.001	0.903
0.078	0.176	0.647	0.099
0.951	0.035	0.001	0.013
0.606	0.168	0.113	0.113
0.054	0.060	0.095	0.791
0.001	0.016	0.001	0.982
0.102	0.060	0.170	0.668
>ACACGTGTTT	15-ACACGTGTTT,BestGuess:MF0007.1_bHLH(zip)_class/Jaspar(0.805)	7.090316	-60.925226	0	T:380.0(2.48%),B:371.4(1.13%),P:1e-26
0.770	0.075	0.118	0.037
0.104	0.760	0.081	0.055
0.862	0.046	0.029	0.063
0.049	0.737	0.077	0.137
0.024	0.045	0.781	0.150
0.041	0.044	0.036	0.879
0.055	0.034	0.853	0.058
0.033	0.065	0.071	0.831
0.067	0.095	0.077	0.761
0.090	0.060	0.079	0.771
>TCGTGAAAMGAG	17-TCGTGAAAMGAG,BestGuess:Abd-B/dmmpmm(Noyes_hd)/fly(0.542)	11.786647	-58.525977	0	T:51.0(0.33%),B:0.5(0.00%),P:1e-25
0.001	0.001	0.001	0.997
0.001	0.796	0.116	0.087
0.019	0.001	0.896	0.084
0.168	0.001	0.001	0.830
0.086	0.001	0.912	0.001
0.997	0.001	0.001	0.001
0.997	0.001	0.001	0.001
0.575	0.001	0.001	0.423
0.430	0.568	0.001	0.001
0.171	0.001	0.825	0.003
0.659	0.001	0.084	0.256
0.001	0.001	0.997	0.001
>TGTCAAAA	16-TGTCAAAA,BestGuess:MA0222.1_exd/Jaspar(0.917)	7.031695	-50.285219	0	T:562.0(3.68%),B:694.6(2.12%),P:1e-21
0.001	0.001	0.001	0.997
0.001	0.001	0.997	0.001
0.001	0.001	0.001	0.997
0.001	0.997	0.001	0.001
0.997	0.001	0.001	0.001
0.886	0.001	0.112	0.001
0.775	0.104	0.001	0.120
0.796	0.001	0.001	0.202
>CCWAGACGCAGC	19-CCWAGACGCAGC,BestGuess:POL010.1_DCE_S_III/Jaspar(0.570)	12.190905	-48.189409	0	T:42.0(0.27%),B:0.4(0.00%),P:1e-20
0.112	0.886	0.001	0.001
0.001	0.997	0.001	0.001
0.512	0.001	0.001	0.486
0.744	0.001	0.001	0.254
0.001	0.001	0.997	0.001
0.886	0.001	0.112	0.001
0.001	0.773	0.001	0.225
0.112	0.001	0.886	0.001
0.225	0.773	0.001	0.001
0.997	0.001	0.001	0.001
0.001	0.001	0.997	0.001
0.001	0.886	0.001	0.112
>TTCAAACCTCAT	20-TTCAAACCTCAT,BestGuess:pan/dmmpmm(SeSiMCMC)/fly(0.601)	12.947963	-45.892886	0	T:40.0(0.26%),B:0.8(0.00%),P:1e-19
0.001	0.001	0.001	0.997
0.145	0.001	0.001	0.853
0.001	0.997	0.001	0.001
0.997	0.001	0.001	0.001
0.853	0.001	0.001	0.145
0.853	0.001	0.001	0.145
0.202	0.729	0.068	0.001
0.001	0.997	0.001	0.001
0.001	0.001	0.290	0.708
0.001	0.997	0.001	0.001
0.853	0.001	0.001	0.145
0.001	0.001	0.001	0.997
>GTCTTCAGGGAC	22-GTCTTCAGGGAC,BestGuess:POL008.1_DCE_S_I/Jaspar(0.591)	8.381307	-36.506036	0	T:39.0(0.26%),B:3.8(0.01%),P:1e-15
0.001	0.001	0.997	0.001
0.001	0.001	0.001	0.997
0.001	0.997	0.001	0.001
0.001	0.001	0.001	0.997
0.001	0.001	0.001	0.997
0.001	0.997	0.001	0.001
0.997	0.001	0.001	0.001
0.203	0.001	0.795	0.001
0.011	0.001	0.987	0.001
0.001	0.001	0.997	0.001
0.591	0.204	0.204	0.001
0.001	0.585	0.001	0.413
>CACCAC	15-CACCAC,BestGuess:Run/dmmpmm(Papatsenko)/fly(0.872)	1.656420	-30.697006	0	T:2526.0(16.52%),B:4566.7(13.91%),P:1e-13
0.082	0.916	0.001	0.001
0.984	0.001	0.014	0.001
0.001	0.997	0.001	0.001
0.016	0.982	0.001	0.001
0.997	0.001	0.001	0.001
0.001	0.997	0.001	0.001
>GTATAAAAGG	1-GTATAAAAGG,BestGuess:POL012.1_TATA-Box/Jaspar(0.943)	7.423031	-707.439113	0	T:1177.0(7.71%),B:335.2(1.02%),P:1e-307
0.192	0.115	0.642	0.051
0.001	0.011	0.016	0.972
0.922	0.014	0.017	0.047
0.014	0.008	0.013	0.965
0.954	0.016	0.006	0.024
0.675	0.011	0.015	0.299
0.951	0.017	0.021	0.011
0.803	0.029	0.046	0.122
0.329	0.052	0.539	0.080
0.154	0.224	0.581	0.041
>DTCAGTCG	1-DTCAGTCG,BestGuess:Initiator/Drosophila-Promoters/Homer(0.940)	4.898452	-675.049915	0	T:4008.0(26.26%),B:4093.3(12.46%),P:1e-293
0.224	0.170	0.351	0.254
0.001	0.001	0.257	0.741
0.001	0.997	0.001	0.001
0.997	0.001	0.001	0.001
0.001	0.001	0.997	0.001
0.257	0.001	0.001	0.741
0.037	0.589	0.001	0.373
0.038	0.045	0.840	0.077
>TGGCAACGTTGC	4-TGGCAACGTTGC,BestGuess:Unknown3/Drosophila-Promoters/Homer(0.715)	7.133502	-309.909268	0	T:680.0(4.46%),B:291.0(0.89%),P:1e-134
0.018	0.061	0.024	0.897
0.012	0.012	0.947	0.029
0.059	0.001	0.928	0.012
0.011	0.987	0.001	0.001
0.987	0.001	0.011	0.001
0.926	0.001	0.050	0.023
0.011	0.831	0.001	0.157
0.106	0.059	0.788	0.047
0.035	0.270	0.031	0.664
0.111	0.226	0.071	0.592
0.047	0.047	0.835	0.071
0.161	0.507	0.054	0.278
>GTCTGCTA	4-GTCTGCTA,BestGuess:grh/dmmpmm(Papatsenko)/fly(0.672)	8.411523	-270.031165	0	T:471.0(3.09%),B:142.5(0.43%),P:1e-117
0.001	0.001	0.997	0.001
0.001	0.101	0.001	0.897
0.001	0.997	0.001	0.001
0.001	0.001	0.001	0.997
0.001	0.001	0.997	0.001
0.001	0.997	0.001	0.001
0.001	0.001	0.001	0.997
0.692	0.001	0.001	0.306
>CWAGATGGCG	8-CWAGATGGCG,BestGuess:MA0531.1_CTCF/Jaspar(0.853)	7.285767	-195.186452	0	T:573.0(3.75%),B:335.6(1.02%),P:1e-84
0.227	0.497	0.142	0.134
0.425	0.239	0.009	0.328
0.901	0.060	0.014	0.025
0.174	0.100	0.652	0.074
0.780	0.009	0.168	0.043
0.074	0.014	0.095	0.817
0.046	0.006	0.926	0.022
0.087	0.032	0.749	0.132
0.098	0.796	0.025	0.081
0.109	0.079	0.615	0.197
>GGGTGATAAAAA	7-GGGTGATAAAAA,BestGuess:CG12361/dmmpmm(Noyes_hd)/fly(0.698)	12.868918	-126.538247	0	T:117.0(0.77%),B:2.3(0.01%),P:1e-54
0.126	0.001	0.872	0.001
0.001	0.126	0.872	0.001
0.126	0.001	0.872	0.001
0.001	0.001	0.001	0.997
0.185	0.038	0.776	0.001
0.997	0.001	0.001	0.001
0.001	0.007	0.405	0.587
0.617	0.128	0.254	0.001
0.997	0.001	0.001	0.001
0.997	0.001	0.001	0.001
0.872	0.126	0.001	0.001
0.997	0.001	0.001	0.001
>GCATCTCCGACA	8-GCATCTCCGACA,BestGuess:Mad/dmmpmm(SeSiMCMC)/fly(0.547)	11.426539	-112.410421	0	T:133.0(0.87%),B:15.2(0.05%),P:1e-48
0.001	0.001	0.989	0.009
0.001	0.707	0.092	0.200
0.989	0.001	0.009	0.001
0.001	0.009	0.001	0.989
0.001	0.997	0.001	0.001
0.019	0.001	0.001	0.979
0.001	0.989	0.001	0.009
0.001	0.989	0.001	0.009
0.010	0.010	0.970	0.010
0.989	0.001	0.001	0.009
0.001	0.997	0.001	0.001
0.962	0.036	0.001	0.001
>CTGTTTAGTT	12-CTGTTTAGTT,BestGuess:MF0005.1_Forkhead_class/Jaspar(0.787)	6.256688	-104.087213	0	T:584.0(3.83%),B:540.1(1.64%),P:1e-45
0.118	0.496	0.222	0.164
0.258	0.108	0.139	0.496
0.059	0.114	0.695	0.132
0.067	0.118	0.157	0.658
0.065	0.142	0.103	0.690
0.139	0.207	0.063	0.591
0.739	0.084	0.057	0.120
0.050	0.197	0.642	0.111
0.173	0.150	0.067	0.610
0.187	0.211	0.083	0.519
>GGYAACAACTKC	10-GGYAACAACTKC,BestGuess:Aef1/dmmpmm(Pollard)/fly(0.711)	11.614125	-98.178497	0	T:114.0(0.75%),B:12.9(0.04%),P:1e-42
0.119	0.001	0.879	0.001
0.001	0.001	0.944	0.054
0.084	0.400	0.001	0.515
0.997	0.001	0.001	0.001
0.997	0.001	0.001	0.001
0.001	0.996	0.002	0.001
0.957	0.001	0.041	0.001
0.951	0.001	0.006	0.042
0.001	0.915	0.001	0.083
0.042	0.084	0.001	0.873
0.042	0.052	0.523	0.383
0.001	0.957	0.001	0.041
>AGAGAAAAGGCG	12-AGAGAAAAGGCG,BestGuess:pan/dmmpmm(Bergman)/fly(0.625)	11.402256	-76.319123	0	T:98.0(0.64%),B:15.1(0.05%),P:1e-33
0.986	0.012	0.001	0.001
0.001	0.001	0.997	0.001
0.986	0.012	0.001	0.001
0.001	0.001	0.997	0.001
0.997	0.001	0.001	0.001
0.997	0.001	0.001	0.001
0.986	0.001	0.001	0.012
0.997	0.001	0.001	0.001
0.026	0.013	0.948	0.013
0.013	0.001	0.719	0.267
0.001	0.973	0.001	0.025
0.039	0.067	0.893	0.001
>CGCACGTG	11-CGCACGTG,BestGuess:MF0007.1_bHLH(zip)_class/Jaspar(0.802)	7.314919	-74.648503	0	T:389.0(2.55%),B:346.3(1.05%),P:1e-32
0.203	0.592	0.001	0.204
0.345	0.072	0.582	0.001
0.001	0.585	0.413	0.001
0.880	0.001	0.001	0.118
0.001	0.955	0.043	0.001
0.001	0.001	0.997	0.001
0.001	0.056	0.001	0.942
0.001	0.086	0.709	0.204
>GTTTTGACWT	15-GTTTTGACWT,BestGuess:gt/dmmpmm(Bigfoot)/fly(0.772)	6.576001	-73.666957	0	T:548.0(3.59%),B:581.8(1.77%),P:1e-31
0.231	0.109	0.410	0.250
0.192	0.001	0.001	0.806
0.001	0.001	0.203	0.795
0.002	0.203	0.255	0.540
0.001	0.001	0.254	0.744
0.150	0.145	0.471	0.234
0.732	0.001	0.126	0.141
0.288	0.465	0.087	0.161
0.437	0.001	0.196	0.366
0.176	0.196	0.178	0.450
>CCGCTAGAGG	16-CCGCTAGAGG,BestGuess:ovo/dmmpmm(Bigfoot)/fly(0.591)	8.755729	-71.251794	0	T:114.0(0.75%),B:30.3(0.09%),P:1e-30
0.105	0.808	0.070	0.017
0.001	0.982	0.016	0.001
0.017	0.001	0.965	0.017
0.022	0.839	0.122	0.017
0.001	0.001	0.001	0.997
0.982	0.001	0.016	0.001
0.009	0.001	0.989	0.001
0.989	0.001	0.009	0.001
0.001	0.037	0.687	0.275
0.017	0.052	0.879	0.052
>TCAACATGAAGG	17-TCAACATGAAGG,BestGuess:Eip74EF/dmmpmm(Pollard)/fly(0.652)	11.008827	-51.018053	0	T:50.0(0.33%),B:2.8(0.01%),P:1e-22
0.086	0.058	0.001	0.855
0.002	0.854	0.143	0.001
0.997	0.001	0.001	0.001
0.771	0.114	0.001	0.114
0.145	0.683	0.115	0.057
0.884	0.001	0.001	0.114
0.028	0.001	0.143	0.828
0.001	0.030	0.968	0.001
0.960	0.038	0.001	0.001
0.884	0.001	0.001	0.114
0.092	0.057	0.736	0.115
0.086	0.172	0.597	0.145
>TGGTCGTGACGT	18-TGGTCGTGACGT,BestGuess:MF0002.1_bZIP_CREB/G-box-like_subclass/Jaspar(0.722)	11.415066	-50.563346	0	T:44.0(0.29%),B:0.9(0.00%),P:1e-21
0.001	0.082	0.001	0.916
0.001	0.202	0.595	0.202
0.100	0.001	0.898	0.001
0.001	0.001	0.001	0.997
0.101	0.589	0.001	0.309
0.100	0.001	0.898	0.001
0.001	0.001	0.001	0.997
0.001	0.404	0.594	0.001
0.997	0.001	0.001	0.001
0.001	0.997	0.001	0.001
0.001	0.001	0.898	0.100
0.001	0.001	0.001	0.997
>CGAGTGTCTTCA	20-CGAGTGTCTTCA,BestGuess:z/dmmpmm(Down)/fly(0.591)	10.377944	-39.812452	0	T:42.0(0.28%),B:3.3(0.01%),P:1e-17
0.067	0.843	0.045	0.045
0.046	0.023	0.908	0.023
0.888	0.001	0.044	0.067
0.045	0.090	0.776	0.089
0.045	0.045	0.045	0.865
0.001	0.156	0.754	0.089
0.067	0.023	0.045	0.865
0.090	0.774	0.067	0.069
0.044	0.001	0.089	0.866
0.045	0.022	0.089	0.844
0.067	0.821	0.067	0.045
0.821	0.022	0.046	0.111
>CCACAACAAC	22-CCACAACAAC,BestGuess:Aef1/dmmpmm(Pollard)/fly(0.821)	5.019186	-36.858076	0	T:1716.0(11.24%),B:2903.5(8.84%),P:1e-16
0.104	0.678	0.092	0.126
0.167	0.610	0.121	0.102
0.705	0.105	0.094	0.096
0.108	0.727	0.079	0.086
0.696	0.117	0.086	0.101
0.715	0.097	0.080	0.108
0.090	0.765	0.078	0.067
0.701	0.101	0.082	0.116
0.693	0.111	0.112	0.084
0.109	0.711	0.089	0.09
>AATGGGCGAAAC	22-AATGGGCGAAAC,BestGuess:MA0443.1_btd/Jaspar(0.631)	10.902053	-36.679737	0	T:41.0(0.27%),B:5.0(0.02%),P:1e-15
0.911	0.029	0.059	0.001
0.852	0.059	0.088	0.001
0.062	0.059	0.060	0.819
0.118	0.001	0.793	0.088
0.066	0.001	0.904	0.029
0.089	0.030	0.763	0.118
0.030	0.909	0.030	0.031
0.119	0.059	0.821	0.001
0.615	0.266	0.089	0.030
0.969	0.001	0.001	0.029
0.793	0.059	0.089	0.059
0.059	0.881	0.059	0.001
>TCTTCAGGGA	23-TCTTCAGGGA,BestGuess:MA0026.1_Eip74EF/Jaspar(0.604)	10.591708	-32.166634	0	T:28.0(0.18%),B:0.9(0.00%),P:1e-13
0.001	0.001	0.001	0.997
0.001	0.997	0.001	0.001
0.001	0.001	0.001	0.997
0.039	0.001	0.001	0.959
0.001	0.997	0.001	0.001
0.997	0.001	0.001	0.001
0.001	0.001	0.997	0.001
0.001	0.001	0.997	0.001
0.001	0.001	0.997	0.001
0.997	0.001	0.001	0.001
>GTATAAAAASVV	1-GTATAAAAASVV,BestGuess:POL012.1_TATA-Box/Jaspar(0.974)	7.757635	-693.529167	0	T:1219.0(8.02%),B:385.2(1.17%),P:1e-301
0.219	0.254	0.455	0.072
0.016	0.056	0.044	0.884
0.884	0.009	0.004	0.103
0.004	0.008	0.040	0.948
0.976	0.008	0.004	0.012
0.667	0.001	0.043	0.289
0.976	0.004	0.016	0.004
0.679	0.001	0.083	0.237
0.458	0.115	0.295	0.131
0.195	0.259	0.373	0.172
0.290	0.219	0.347	0.144
0.229	0.253	0.370	0.147
>NDTCAGTCDN	1-NDTCAGTCDN,BestGuess:Initiator/Drosophila-Promoters/Homer(0.912)	5.039693	-636.059893	0	T:4949.0(32.57%),B:5810.6(17.72%),P:1e-276
0.238	0.273	0.252	0.237
0.259	0.065	0.314	0.362
0.027	0.117	0.309	0.547
0.051	0.812	0.025	0.112
0.988	0.001	0.001	0.010
0.001	0.023	0.837	0.139
0.249	0.001	0.001	0.749
0.139	0.588	0.135	0.138
0.275	0.021	0.379	0.325
0.213	0.254	0.243	0.289
>AWHTGGCAACRY	4-AWHTGGCAACRY,BestGuess:Unknown3/Drosophila-Promoters/Homer(0.809)	7.644946	-319.898641	0	T:748.0(4.92%),B:347.0(1.06%),P:1e-138
0.738	0.031	0.164	0.067
0.366	0.177	0.085	0.371
0.201	0.341	0.164	0.295
0.058	0.310	0.012	0.620
0.001	0.001	0.969	0.029
0.285	0.001	0.650	0.064
0.001	0.997	0.001	0.001
0.997	0.001	0.001	0.001
0.799	0.001	0.115	0.085
0.001	0.852	0.001	0.146
0.361	0.073	0.442	0.123
0.103	0.317	0.213	0.367
>WAGATGGCKN	6-WAGATGGCKN,BestGuess:MA0531.1_CTCF/Jaspar(0.794)	6.789380	-199.125892	0	T:733.0(4.82%),B:521.9(1.59%),P:1e-86
0.407	0.242	0.024	0.326
0.957	0.017	0.010	0.016
0.202	0.167	0.492	0.139
0.622	0.029	0.321	0.028
0.012	0.023	0.237	0.728
0.013	0.025	0.941	0.021
0.046	0.025	0.673	0.256
0.208	0.730	0.012	0.050
0.153	0.167	0.352	0.327
0.200	0.231	0.320	0.249
>AAGTCGTCTG	7-AAGTCGTCTG,BestGuess:Med/dmmpmm(Pollard)/fly(0.558)	7.780271	-192.540860	0	T:469.0(3.09%),B:227.3(0.69%),P:1e-83
0.687	0.117	0.103	0.093
0.689	0.043	0.129	0.139
0.065	0.039	0.794	0.102
0.079	0.065	0.103	0.753
0.047	0.805	0.053	0.095
0.044	0.046	0.854	0.056
0.057	0.047	0.045	0.851
0.030	0.869	0.061	0.040
0.041	0.042	0.057	0.860
0.047	0.087	0.843	0.023
>GGGTDAGAAAAA	8-GGGTDAGAAAAA,BestGuess:MA0216.2_CAD/Jaspar(0.662)	11.517848	-120.135849	0	T:124.0(0.82%),B:7.2(0.02%),P:1e-52
0.001	0.001	0.921	0.077
0.001	0.001	0.997	0.001
0.001	0.001	0.997	0.001
0.001	0.001	0.001	0.997
0.311	0.078	0.300	0.311
0.997	0.001	0.001	0.001
0.001	0.077	0.594	0.328
0.672	0.326	0.001	0.001
0.997	0.001	0.001	0.001
0.921	0.001	0.077	0.001
0.921	0.077	0.001	0.001
0.997	0.001	0.001	0.001
>ATCTCCGACA	10-ATCTCCGACA,BestGuess:Mad/dmmpmm(SeSiMCMC)/fly(0.585)	9.022507	-115.376569	0	T:130.0(0.86%),B:12.5(0.04%),P:1e-50
0.979	0.001	0.019	0.001
0.001	0.001	0.001	0.997
0.009	0.989	0.001	0.001
0.001	0.001	0.001	0.997
0.001	0.997	0.001	0.001
0.001	0.997	0.001	0.001
0.001	0.001	0.989	0.009
0.979	0.010	0.010	0.001
0.011	0.987	0.001	0.001
0.950	0.048	0.001	0.001
>ACACGDYAACAA	10-ACACGDYAACAA,BestGuess:Aef1/dmmpmm(Bergman)/fly(0.643)	10.385433	-108.154213	0	T:142.0(0.93%),B:23.7(0.07%),P:1e-46
0.849	0.095	0.034	0.022
0.011	0.933	0.023	0.033
0.775	0.169	0.045	0.011
0.196	0.657	0.125	0.022
0.323	0.112	0.564	0.001
0.310	0.011	0.349	0.330
0.194	0.434	0.034	0.338
0.853	0.011	0.113	0.023
0.832	0.022	0.124	0.022
0.272	0.639	0.078	0.011
0.933	0.011	0.045	0.011
0.547	0.022	0.273	0.158
>TTAGTG	8-TTAGTG,BestGuess:br-Z4/dmmpmm(Pollard)/fly(0.800)	1.374723	-104.878090	0	T:2609.0(17.17%),B:4024.5(12.27%),P:1e-45
0.001	0.001	0.001	0.997
0.001	0.021	0.001	0.977
0.997	0.001	0.001	0.001
0.001	0.001	0.997	0.001
0.001	0.001	0.001	0.997
0.182	0.001	0.816	0.001
>CTGCAGHGCACT	12-CTGCAGHGCACT,BestGuess:vnd/dmmpmm(Pollard)/fly(0.570)	9.743371	-84.181318	0	T:95.0(0.63%),B:9.1(0.03%),P:1e-36
0.066	0.791	0.005	0.138
0.095	0.096	0.087	0.722
0.003	0.111	0.708	0.178
0.095	0.719	0.064	0.122
0.663	0.058	0.003	0.276
0.085	0.106	0.669	0.140
0.252	0.390	0.003	0.356
0.162	0.156	0.679	0.003
0.133	0.673	0.093	0.101
0.621	0.050	0.069	0.260
0.162	0.509	0.172	0.157
0.127	0.069	0.072	0.732
>GAGAAAAGGCGA	13-GAGAAAAGGCGA,BestGuess:MA0459.1_tll/Jaspar(0.623)	10.872374	-83.261541	0	T:103.0(0.68%),B:14.4(0.04%),P:1e-36
0.006	0.001	0.992	0.001
0.986	0.001	0.012	0.001
0.001	0.012	0.986	0.001
0.986	0.012	0.001	0.001
0.997	0.001	0.001	0.001
0.975	0.012	0.001	0.012
0.997	0.001	0.001	0.001
0.013	0.013	0.961	0.013
0.012	0.001	0.729	0.258
0.001	0.961	0.001	0.037
0.013	0.103	0.871	0.013
0.961	0.001	0.001	0.037
>CCGCTAGAGG	12-CCGCTAGAGG,BestGuess:ovo/dmmpmm(Bigfoot)/fly(0.598)	8.196268	-82.378405	0	T:155.0(1.02%),B:54.6(0.17%),P:1e-35
0.089	0.822	0.074	0.015
0.001	0.984	0.014	0.001
0.014	0.001	0.984	0.001
0.015	0.896	0.074	0.015
0.001	0.001	0.001	0.997
0.997	0.001	0.001	0.001
0.014	0.001	0.984	0.001
0.969	0.001	0.029	0.001
0.018	0.042	0.622	0.318
0.015	0.059	0.882	0.044
>TACTGTTTAG	13-TACTGTTTAG,BestGuess:MF0005.1_Forkhead_class/Jaspar(0.721)	9.833482	-78.895023	0	T:118.0(0.78%),B:27.3(0.08%),P:1e-34
0.132	0.007	0.049	0.812
0.646	0.016	0.270	0.068
0.007	0.985	0.001	0.007
0.007	0.013	0.001	0.979
0.001	0.001	0.950	0.048
0.001	0.012	0.001	0.986
0.001	0.012	0.001	0.986
0.001	0.007	0.013	0.979
0.997	0.001	0.001	0.001
0.001	0.039	0.944	0.016
>TTTGACAG	14-TTTGACAG,BestGuess:Achi/dmmpmm(Noyes_hd)/fly(0.959)	6.750559	-70.963836	0	T:645.0(4.25%),B:744.6(2.27%),P:1e-30
0.020	0.058	0.045	0.877
0.025	0.117	0.001	0.857
0.028	0.001	0.001	0.970
0.031	0.001	0.967	0.001
0.968	0.001	0.030	0.001
0.020	0.965	0.001	0.014
0.997	0.001	0.001	0.001
0.104	0.111	0.688	0.097
>CAACATGAAG	19-CAACATGAAG,BestGuess:Eip74EF/dmmpmm(Pollard)/fly(0.667)	8.215419	-56.121209	0	T:191.0(1.26%),B:129.4(0.39%),P:1e-24
0.001	0.968	0.030	0.001
0.965	0.015	0.019	0.001
0.895	0.032	0.001	0.072
0.081	0.878	0.040	0.001
0.978	0.001	0.008	0.013
0.027	0.020	0.009	0.944
0.001	0.031	0.967	0.001
0.840	0.158	0.001	0.001
0.968	0.001	0.019	0.012
0.152	0.001	0.809	0.038
>GTCGTGACGTTT	16-GTCGTGACGTTT,BestGuess:MF0002.1_bZIP_CREB/G-box-like_subclass/Jaspar(0.722)	9.630172	-54.784957	0	T:87.0(0.57%),B:23.6(0.07%),P:1e-23
0.109	0.061	0.770	0.060
0.036	0.085	0.048	0.831
0.097	0.754	0.060	0.089
0.036	0.084	0.783	0.097
0.036	0.036	0.060	0.868
0.133	0.060	0.759	0.048
0.844	0.048	0.024	0.084
0.036	0.867	0.024	0.073
0.036	0.024	0.904	0.036
0.012	0.072	0.048	0.868
0.012	0.024	0.084	0.880
0.036	0.024	0.048	0.892
>AGCAGAAATGGG	18-AGCAGAAATGGG,BestGuess:grh/dmmpmm(Papatsenko)/fly(0.620)	10.665252	-49.820444	0	T:57.0(0.38%),B:6.8(0.02%),P:1e-21
0.871	0.022	0.064	0.043
0.064	0.021	0.893	0.022
0.082	0.875	0.021	0.022
0.811	0.082	0.021	0.086
0.128	0.001	0.850	0.021
0.977	0.001	0.021	0.001
0.914	0.001	0.043	0.042
0.803	0.064	0.112	0.021
0.108	0.043	0.064	0.785
0.086	0.064	0.743	0.107
0.128	0.001	0.764	0.107
0.001	0.214	0.739	0.046
>GTCTTCAGGGAC	20-GTCTTCAGGGAC,BestGuess:MA0026.1_Eip74EF/Jaspar(0.548)	11.988399	-44.886142	0	T:39.0(0.26%),B:0.4(0.00%),P:1e-19
0.036	0.001	0.962	0.001
0.001	0.001	0.001	0.997
0.001	0.828	0.001	0.170
0.001	0.001	0.001	0.997
0.170	0.001	0.001	0.828
0.001	0.997	0.001	0.001
0.997	0.001	0.001	0.001
0.001	0.001	0.997	0.001
0.170	0.001	0.828	0.001
0.170	0.001	0.828	0.001
0.828	0.001	0.170	0.001
0.001	0.972	0.001	0.026
>TGAAACGAGA	22-TGAAACGAGA,BestGuess:MA0204.1_Six4/Jaspar(0.738)	9.240363	-43.319267	0	T:99.0(0.65%),B:46.2(0.14%),P:1e-18
0.001	0.001	0.001	0.997
0.008	0.001	0.935	0.056
0.940	0.058	0.001	0.001
0.590	0.077	0.247	0.086
0.900	0.001	0.038	0.061
0.001	0.990	0.008	0.001
0.001	0.230	0.768	0.001
0.884	0.001	0.077	0.038
0.006	0.008	0.982	0.004
0.633	0.001	0.032	0.334
>MCMACMAC	20-MCMACMAC,BestGuess:Aef1/dmmpmm(Pollard)/fly(0.863)	6.150216	-37.640383	0	T:1316.0(8.66%),B:2137.6(6.52%),P:1e-16
0.448	0.450	0.100	0.003
0.001	0.580	0.209	0.210
0.520	0.383	0.096	0.001
0.997	0.001	0.001	0.001
0.001	0.997	0.001	0.001
0.441	0.330	0.001	0.228
0.873	0.088	0.001	0.038
0.001	0.997	0.001	0.001
>TTTGTT	17-TTTGTT,BestGuess:MF0011.1_HMG_class/Jaspar(0.840)	5.510330	-35.471933	0	T:3308.0(21.77%),B:6102.3(18.61%),P:1e-15
0.087	0.001	0.001	0.911
0.001	0.075	0.107	0.817
0.001	0.276	0.001	0.722
0.001	0.001	0.997	0.001
0.001	0.001	0.001	0.997
0.113	0.001	0.001	0.885
>GACGCAGCAG	23-GACGCAGCAG,BestGuess:MA0530.1_CNC::maf-S/Jaspar(0.651)	9.662332	-35.144229	0	T:46.0(0.30%),B:8.3(0.03%),P:1e-15
0.001	0.001	0.997	0.001
0.997	0.001	0.001	0.001
0.001	0.997	0.001	0.001
0.001	0.001	0.997	0.001
0.001	0.950	0.017	0.032
0.997	0.001	0.001	0.001
0.001	0.001	0.997	0.001
0.001	0.997	0.001	0.001
0.903	0.032	0.001	0.064
0.001	0.001	0.997	0.001
>GCGCGAGT	21-GCGCGAGT,BestGuess:brk/dmmpmm(Papatsenko)/fly(0.660)	8.723541	-33.046090	0	T:89.0(0.59%),B:50.8(0.15%),P:1e-14
0.001	0.001	0.997	0.001
0.001	0.997	0.001	0.001
0.001	0.001	0.997	0.001
0.001	0.997	0.001	0.001
0.001	0.001	0.845	0.153
0.997	0.001	0.001	0.001
0.001	0.001	0.885	0.113
0.001	0.001	0.001	0.997
>GTATAAAARVVG	1-GTATAAAARVVG,BestGuess:POL012.1_TATA-Box/Jaspar(0.970)	8.215822	-710.901402	0	T:1124.0(7.38%),B:291.8(0.89%),P:1e-308
0.221	0.263	0.445	0.071
0.001	0.001	0.004	0.994
0.997	0.001	0.001	0.001
0.004	0.001	0.001	0.994
0.997	0.001	0.001	0.001
0.660	0.001	0.005	0.334
0.997	0.001	0.001	0.001
0.845	0.001	0.011	0.143
0.422	0.087	0.415	0.076
0.231	0.309	0.356	0.104
0.247	0.342	0.296	0.115
0.221	0.231	0.396	0.152
>GNCAGTCK	2-GNCAGTCK,BestGuess:Initiator/Drosophila-Promoters/Homer(0.847)	4.702476	-570.454830	0	T:5143.0(33.79%),B:6387.5(19.44%),P:1e-247
0.225	0.168	0.395	0.211
0.214	0.243	0.208	0.336
0.001	0.832	0.001	0.166
0.878	0.001	0.120	0.001
0.001	0.071	0.748	0.180
0.230	0.001	0.001	0.768
0.001	0.796	0.095	0.108
0.189	0.001	0.439	0.370
>TGGCAACGYTGH	4-TGGCAACGYTGH,BestGuess:Unknown3/Drosophila-Promoters/Homer(0.774)	7.562695	-373.826381	0	T:774.0(5.09%),B:308.9(0.94%),P:1e-162
0.039	0.168	0.022	0.771
0.017	0.017	0.848	0.118
0.118	0.001	0.842	0.039
0.027	0.971	0.001	0.001
0.982	0.001	0.016	0.001
0.820	0.045	0.056	0.079
0.001	0.870	0.001	0.128
0.264	0.123	0.517	0.096
0.078	0.382	0.185	0.354
0.157	0.275	0.051	0.517
0.051	0.107	0.645	0.197
0.225	0.309	0.151	0.315
>GTCYGC	5-GTCYGC,BestGuess:grh/dmmpmm(Papatsenko)/fly(0.642)	5.818275	-289.908921	0	T:1153.0(7.58%),B:874.1(2.66%),P:1e-125
0.289	0.203	0.500	0.008
0.001	0.072	0.249	0.678
0.001	0.929	0.001	0.069
0.078	0.429	0.001	0.493
0.132	0.100	0.760	0.008
0.016	0.696	0.287	0.001
>CMAGATGGCG	8-CMAGATGGCG,BestGuess:MA0531.1_CTCF/Jaspar(0.803)	7.027852	-220.070174	0	T:800.0(5.26%),B:564.2(1.72%),P:1e-95
0.265	0.436	0.086	0.213
0.433	0.306	0.001	0.261
0.997	0.001	0.001	0.001
0.167	0.242	0.508	0.083
0.844	0.001	0.154	0.001
0.010	0.001	0.153	0.836
0.087	0.001	0.911	0.001
0.001	0.001	0.845	0.153
0.066	0.719	0.001	0.214
0.121	0.118	0.470	0.290
>CGACACGGCAAC	8-CGACACGGCAAC,BestGuess:prd/dmmpmm(Noyes)/fly(0.593)	11.406109	-128.759468	0	T:127.0(0.83%),B:5.8(0.02%),P:1e-55
0.001	0.997	0.001	0.001
0.009	0.009	0.981	0.001
0.990	0.001	0.001	0.008
0.009	0.964	0.009	0.018
0.981	0.017	0.001	0.001
0.001	0.990	0.008	0.001
0.001	0.001	0.997	0.001
0.033	0.001	0.912	0.054
0.001	0.823	0.009	0.167
0.997	0.001	0.001	0.001
0.990	0.001	0.001	0.008
0.001	0.990	0.008	0.001
>GGGTGATAAAAA	9-GGGTGATAAAAA,BestGuess:hb/dmmpmm(Pollard)/fly(0.719)	12.045795	-107.594057	0	T:108.0(0.71%),B:5.6(0.02%),P:1e-46
0.088	0.022	0.800	0.090
0.157	0.191	0.628	0.024
0.022	0.088	0.802	0.088
0.023	0.045	0.111	0.821
0.091	0.106	0.736	0.067
0.821	0.045	0.046	0.088
0.067	0.257	0.236	0.441
0.710	0.287	0.001	0.002
0.845	0.001	0.088	0.066
0.864	0.089	0.025	0.022
0.889	0.088	0.022	0.001
0.822	0.067	0.066	0.045
>GAGCATCTCC	9-GAGCATCTCC,BestGuess:Rel/dmmpmm(Bergman)/fly(0.585)	9.427742	-102.616838	0	T:138.0(0.91%),B:24.8(0.08%),P:1e-44
0.001	0.001	0.997	0.001
0.989	0.001	0.009	0.001
0.001	0.001	0.997	0.001
0.001	0.695	0.064	0.240
0.979	0.001	0.019	0.001
0.001	0.001	0.001	0.997
0.021	0.977	0.001	0.001
0.046	0.010	0.001	0.943
0.001	0.997	0.001	0.001
0.001	0.997	0.001	0.001
>CTGCAGCGCACT	10-CTGCAGCGCACT,BestGuess:vnd/dmmpmm(Pollard)/fly(0.544)	11.332675	-100.908354	0	T:97.0(0.64%),B:3.8(0.01%),P:1e-43
0.025	0.899	0.025	0.051
0.051	0.076	0.025	0.848
0.001	0.001	0.945	0.053
0.025	0.925	0.025	0.025
0.856	0.001	0.001	0.142
0.025	0.051	0.848	0.076
0.152	0.550	0.001	0.297
0.025	0.051	0.873	0.051
0.050	0.924	0.025	0.001
0.767	0.025	0.051	0.157
0.102	0.695	0.076	0.127
0.051	0.025	0.025	0.899
>AGTCGAGTGAGC	11-AGTCGAGTGAGC,BestGuess:MA0247.2_tin/Jaspar(0.677)	9.440196	-95.044415	0	T:139.0(0.91%),B:30.4(0.09%),P:1e-41
0.703	0.081	0.027	0.189
0.001	0.027	0.891	0.081
0.001	0.162	0.054	0.783
0.001	0.891	0.027	0.081
0.001	0.081	0.864	0.054
0.892	0.027	0.027	0.054
0.027	0.027	0.945	0.001
0.027	0.081	0.054	0.838
0.027	0.081	0.838	0.054
0.676	0.081	0.135	0.108
0.054	0.027	0.892	0.027
0.027	0.865	0.081	0.027
>GAGAAAAGGCGA	12-GAGAAAAGGCGA,BestGuess:dl/dmmpmm(Pollard)/fly(0.622)	11.582425	-92.739807	0	T:103.0(0.68%),B:9.4(0.03%),P:1e-40
0.001	0.001	0.997	0.001
0.985	0.001	0.013	0.001
0.001	0.001	0.997	0.001
0.997	0.001	0.001	0.001
0.997	0.001	0.001	0.001
0.973	0.013	0.001	0.013
0.997	0.001	0.001	0.001
0.014	0.014	0.958	0.014
0.001	0.001	0.774	0.224
0.001	0.958	0.001	0.040
0.014	0.122	0.823	0.041
0.958	0.001	0.001	0.040
>GCTGTTTAGTAT	13-GCTGTTTAGTAT,BestGuess:MF0005.1_Forkhead_class/Jaspar(0.780)	7.893801	-88.499178	0	T:170.0(1.12%),B:61.3(0.19%),P:1e-38
0.272	0.001	0.614	0.113
0.001	0.726	0.001	0.272
0.001	0.001	0.001	0.997
0.001	0.001	0.997	0.001
0.001	0.001	0.001	0.997
0.001	0.001	0.001	0.997
0.001	0.001	0.022	0.976
0.997	0.001	0.001	0.001
0.023	0.227	0.455	0.295
0.158	0.001	0.001	0.840
0.795	0.136	0.068	0.001
0.204	0.045	0.001	0.750
>TCTCCGAC	11-TCTCCGAC,BestGuess:POL013.1_MED-1/Jaspar(0.638)	8.236954	-83.035415	0	T:158.0(1.04%),B:56.3(0.17%),P:1e-36
0.100	0.100	0.100	0.700
0.100	0.700	0.100	0.100
0.100	0.100	0.100	0.700
0.100	0.700	0.100	0.100
0.100	0.700	0.100	0.100
0.100	0.100	0.700	0.100
0.700	0.100	0.100	0.100
0.100	0.700	0.100	0.100
>AAAGCATCAGTT	14-AAAGCATCAGTT,BestGuess:Initiator/Drosophila-Promoters/Homer(0.763)	10.513570	-82.518911	0	T:119.0(0.78%),B:25.5(0.08%),P:1e-35
0.630	0.121	0.075	0.174
0.826	0.136	0.037	0.001
0.466	0.001	0.230	0.303
0.039	0.119	0.638	0.204
0.047	0.791	0.001	0.161
0.997	0.001	0.001	0.001
0.001	0.001	0.037	0.961
0.001	0.961	0.001	0.037
0.997	0.001	0.001	0.001
0.001	0.037	0.925	0.037
0.037	0.001	0.037	0.925
0.038	0.152	0.038	0.772
>GTTAGT	11-GTTAGT,BestGuess:br-Z4/dmmpmm(Pollard)/fly(0.713)	6.575700	-81.102025	0	T:1497.0(9.84%),B:2146.1(6.53%),P:1e-35
0.001	0.001	0.748	0.250
0.001	0.237	0.001	0.761
0.001	0.001	0.001	0.997
0.997	0.001	0.001	0.001
0.001	0.001	0.997	0.001
0.001	0.001	0.001	0.997
>CGCTAGAGGG	14-CGCTAGAGGG,BestGuess:MA0531.1_CTCF/Jaspar(0.596)	7.611202	-77.798942	0	T:177.0(1.16%),B:80.5(0.24%),P:1e-33
0.070	0.800	0.084	0.046
0.060	0.054	0.855	0.031
0.056	0.818	0.072	0.054
0.086	0.106	0.043	0.765
0.865	0.073	0.039	0.023
0.028	0.054	0.823	0.095
0.802	0.050	0.098	0.050
0.066	0.035	0.778	0.121
0.109	0.078	0.740	0.073
0.136	0.024	0.761	0.079
>TCCAAGACGCAG	16-TCCAAGACGCAG,BestGuess:POL008.1_DCE_S_I/Jaspar(0.516)	10.031654	-65.353246	0	T:60.0(0.39%),B:1.9(0.01%),P:1e-28
0.001	0.001	0.001	0.997
0.001	0.997	0.001	0.001
0.001	0.997	0.001	0.001
0.815	0.001	0.061	0.123
0.937	0.032	0.001	0.030
0.121	0.109	0.769	0.001
0.997	0.001	0.001	0.001
0.001	0.669	0.030	0.300
0.001	0.001	0.997	0.001
0.269	0.729	0.001	0.001
0.997	0.001	0.001	0.001
0.001	0.001	0.997	0.001
>TTTTGACATT	16-TTTTGACATT,BestGuess:MA0222.1_exd/Jaspar(0.840)	6.878472	-64.072840	0	T:918.0(6.03%),B:1229.9(3.74%),P:1e-27
0.191	0.070	0.010	0.729
0.066	0.008	0.168	0.758
0.001	0.073	0.015	0.911
0.147	0.052	0.102	0.699
0.035	0.104	0.784	0.077
0.764	0.001	0.004	0.231
0.168	0.717	0.057	0.058
0.888	0.001	0.071	0.040
0.001	0.137	0.196	0.666
0.136	0.215	0.051	0.598
>ACCATGGA	14-ACCATGGA,BestGuess:MA0445.1_D/Jaspar(0.681)	4.013436	-56.905110	0	T:348.0(2.29%),B:339.8(1.03%),P:1e-24
0.997	0.001	0.001	0.001
0.145	0.853	0.001	0.001
0.001	0.997	0.001	0.001
0.997	0.001	0.001	0.001
0.001	0.001	0.001	0.997
0.001	0.001	0.997	0.001
0.090	0.001	0.908	0.001
0.944	0.054	0.001	0.001
>CATGGTGAAACG	18-CATGGTGAAACG,BestGuess:MA0204.1_Six4/Jaspar(0.655)	9.327908	-56.593552	0	T:67.0(0.44%),B:8.5(0.03%),P:1e-24
0.204	0.460	0.221	0.114
0.601	0.097	0.174	0.128
0.165	0.108	0.053	0.674
0.155	0.259	0.526	0.060
0.001	0.061	0.676	0.262
0.057	0.066	0.057	0.820
0.001	0.081	0.917	0.001
0.718	0.101	0.106	0.075
0.833	0.061	0.040	0.066
0.792	0.001	0.206	0.001
0.216	0.586	0.079	0.119
0.117	0.040	0.672	0.171
>GTGACGTTTA	18-GTGACGTTTA,BestGuess:MF0002.1_bZIP_CREB/G-box-like_subclass/Jaspar(0.833)	10.372400	-50.701873	0	T:54.0(0.35%),B:4.8(0.01%),P:1e-22
0.001	0.423	0.575	0.001
0.001	0.001	0.083	0.915
0.001	0.001	0.997	0.001
0.915	0.001	0.083	0.001
0.001	0.997	0.001	0.001
0.168	0.001	0.830	0.001
0.084	0.001	0.002	0.913
0.001	0.168	0.001	0.830
0.336	0.001	0.001	0.662
0.845	0.153	0.001	0.001
>GTCTTCAGGGAC	20-GTCTTCAGGGAC,BestGuess:POL008.1_DCE_S_I/Jaspar(0.624)	10.706588	-45.557687	0	T:45.0(0.30%),B:2.0(0.01%),P:1e-19
0.099	0.001	0.813	0.087
0.001	0.001	0.043	0.955
0.001	0.866	0.043	0.090
0.001	0.001	0.087	0.911
0.003	0.043	0.001	0.953
0.001	0.997	0.001	0.001
0.775	0.137	0.001	0.087
0.181	0.090	0.642	0.087
0.222	0.090	0.554	0.134
0.001	0.001	0.997	0.001
0.728	0.140	0.088	0.044
0.131	0.776	0.001	0.092
>AGGCGAAATGGG	21-AGGCGAAATGGG,BestGuess:prd/dmmpmm(Pollard)/fly(0.569)	10.793561	-43.340457	0	T:43.0(0.28%),B:3.0(0.01%),P:1e-18
0.943	0.001	0.001	0.055
0.056	0.028	0.860	0.056
0.061	0.084	0.799	0.056
0.195	0.665	0.112	0.028
0.089	0.056	0.771	0.084
0.914	0.001	0.084	0.001
0.916	0.028	0.028	0.028
0.831	0.028	0.028	0.113
0.056	0.028	0.084	0.832
0.112	0.084	0.748	0.056
0.093	0.028	0.795	0.084
0.001	0.029	0.942	0.028
>TTCAGAACTCAT	22-TTCAGAACTCAT,BestGuess:Unknown6/Drosophila-Promoters/Homer(0.564)	9.828392	-40.397559	0	T:65.0(0.43%),B:18.8(0.06%),P:1e-17
0.070	0.081	0.038	0.811
0.001	0.012	0.062	0.925
0.037	0.796	0.025	0.142
0.827	0.069	0.001	0.103
0.256	0.116	0.562	0.066
0.825	0.068	0.001	0.106
0.633	0.107	0.175	0.085
0.185	0.506	0.091	0.218
0.135	0.126	0.081	0.658
0.079	0.747	0.069	0.105
0.694	0.050	0.094	0.162
0.001	0.123	0.041	0.835
>CACGTG	16-CACGTG,BestGuess:MF0007.1_bHLH(zip)_class/Jaspar(0.935)	6.177716	-37.731316	0	T:425.0(2.79%),B:531.8(1.62%),P:1e-16
0.100	0.700	0.100	0.100
0.700	0.100	0.100	0.100
0.100	0.700	0.100	0.100
0.100	0.100	0.700	0.100
0.100	0.100	0.100	0.700
0.100	0.100	0.700	0.100
>RAGGGM	17-RAGGGM,BestGuess:pho/dmmpmm(Bergman)/fly(0.673)	4.499338	-36.280402	0	T:1598.0(10.50%),B:2690.5(8.19%),P:1e-15
0.535	0.001	0.463	0.001
0.990	0.001	0.008	0.001
0.079	0.001	0.899	0.021
0.001	0.001	0.997	0.001
0.001	0.076	0.922	0.001
0.427	0.571	0.001	0.001
>VTATAAAARSVR	1-VTATAAAARSVR,BestGuess:POL012.1_TATA-Box/Jaspar(0.962)	8.130351	-677.769341	0	T:1146.0(7.52%),B:336.5(1.02%),P:1e-294
0.264	0.261	0.380	0.095
0.011	0.001	0.001	0.987
0.974	0.001	0.001	0.024
0.001	0.001	0.001	0.997
0.997	0.001	0.001	0.001
0.586	0.001	0.001	0.412
0.997	0.001	0.001	0.001
0.871	0.001	0.001	0.127
0.406	0.102	0.388	0.104
0.215	0.313	0.397	0.074
0.239	0.329	0.263	0.169
0.296	0.205	0.366	0.133
>NNTCAGTCGW	2-NNTCAGTCGW,BestGuess:Initiator/Drosophila-Promoters/Homer(0.906)	5.392534	-595.044077	0	T:4364.0(28.63%),B:4929.2(15.01%),P:1e-258
0.237	0.298	0.261	0.204
0.278	0.155	0.289	0.278
0.116	0.121	0.294	0.469
0.001	0.972	0.001	0.026
0.975	0.004	0.009	0.012
0.001	0.001	0.937	0.061
0.361	0.029	0.001	0.609
0.211	0.550	0.001	0.238
0.269	0.065	0.446	0.220
0.287	0.168	0.182	0.363
>TGGCAACGYTGH	4-TGGCAACGYTGH,BestGuess:Unknown3/Drosophila-Promoters/Homer(0.763)	8.174257	-393.180096	0	T:626.0(4.11%),B:160.1(0.49%),P:1e-170
0.041	0.136	0.027	0.796
0.006	0.001	0.898	0.095
0.157	0.001	0.822	0.020
0.001	0.997	0.001	0.001
0.979	0.001	0.019	0.001
0.836	0.014	0.075	0.075
0.013	0.816	0.001	0.170
0.280	0.116	0.547	0.057
0.102	0.398	0.103	0.398
0.123	0.294	0.050	0.533
0.055	0.048	0.719	0.178
0.226	0.364	0.116	0.294
>CAAGATGGCG	5-CAAGATGGCG,BestGuess:MA0531.1_CTCF/Jaspar(0.796)	6.860825	-204.746562	0	T:762.0(5.00%),B:545.4(1.66%),P:1e-88
0.233	0.533	0.099	0.135
0.612	0.132	0.024	0.232
0.969	0.018	0.001	0.012
0.163	0.154	0.623	0.060
0.896	0.012	0.091	0.001
0.012	0.010	0.071	0.907
0.064	0.047	0.853	0.036
0.106	0.007	0.791	0.096
0.127	0.739	0.024	0.110
0.067	0.156	0.567	0.210
>GCATCTCCGACA	7-GCATCTCCGACA,BestGuess:Mad/dmmpmm(SeSiMCMC)/fly(0.547)	11.163318	-144.789926	0	T:136.0(0.89%),B:3.3(0.01%),P:1e-62
0.001	0.001	0.997	0.001
0.001	0.695	0.061	0.243
0.991	0.001	0.007	0.001
0.001	0.008	0.008	0.983
0.001	0.997	0.001	0.001
0.016	0.001	0.001	0.982
0.001	0.991	0.001	0.007
0.001	0.991	0.001	0.007
0.008	0.008	0.976	0.008
0.991	0.001	0.001	0.007
0.001	0.982	0.001	0.016
0.965	0.033	0.001	0.001
>TTGTCAGTTC	7-TTGTCAGTTC,BestGuess:MF0009.1_TRP(MYB)_class/Jaspar(0.739)	4.675455	-122.950126	0	T:3945.0(25.88%),B:6431.0(19.58%),P:1e-53
0.099	0.118	0.101	0.682
0.092	0.095	0.100	0.713
0.123	0.122	0.633	0.122
0.126	0.089	0.086	0.699
0.064	0.713	0.096	0.127
0.722	0.080	0.076	0.122
0.096	0.102	0.693	0.109
0.088	0.095	0.073	0.744
0.076	0.071	0.083	0.770
0.102	0.635	0.109	0.154
>CTGTTTAC	11-CTGTTTAC,BestGuess:MF0005.1_Forkhead_class/Jaspar(0.843)	4.079014	-118.185551	0	T:564.0(3.70%),B:476.6(1.45%),P:1e-51
0.001	0.918	0.017	0.064
0.001	0.001	0.001	0.997
0.001	0.001	0.997	0.001
0.001	0.001	0.001	0.997
0.001	0.001	0.001	0.997
0.001	0.001	0.001	0.997
0.997	0.001	0.001	0.001
0.001	0.968	0.001	0.030
>GGGTGAGAAAAA	9-GGGTGAGAAAAA,BestGuess:Trl/dmmpmm(Bigfoot)/fly(0.637)	9.326627	-109.924927	0	T:117.0(0.77%),B:8.9(0.03%),P:1e-47
0.010	0.001	0.988	0.001
0.001	0.001	0.997	0.001
0.010	0.001	0.988	0.001
0.001	0.001	0.001	0.997
0.001	0.001	0.997	0.001
0.997	0.001	0.001	0.001
0.001	0.010	0.709	0.280
0.783	0.215	0.001	0.001
0.997	0.001	0.001	0.001
0.997	0.001	0.001	0.001
0.988	0.010	0.001	0.001
0.997	0.001	0.001	0.001
>CGGCAACAACTG	10-CGGCAACAACTG,BestGuess:Aef1/dmmpmm(Pollard)/fly(0.745)	11.676258	-109.073961	0	T:107.0(0.70%),B:4.9(0.01%),P:1e-47
0.010	0.988	0.001	0.001
0.055	0.001	0.933	0.011
0.033	0.001	0.911	0.055
0.022	0.945	0.011	0.022
0.997	0.001	0.001	0.001
0.997	0.001	0.001	0.001
0.001	0.988	0.010	0.001
0.997	0.001	0.001	0.001
0.957	0.011	0.031	0.001
0.001	0.988	0.001	0.010
0.001	0.022	0.011	0.966
0.011	0.001	0.977	0.011
>AGAGAAAAGGCG	11-AGAGAAAAGGCG,BestGuess:pan/dmmpmm(Bergman)/fly(0.635)	11.496225	-96.140319	0	T:112.0(0.73%),B:12.5(0.04%),P:1e-41
0.987	0.011	0.001	0.001
0.011	0.001	0.987	0.001
0.987	0.011	0.001	0.001
0.012	0.012	0.975	0.001
0.997	0.001	0.001	0.001
0.997	0.001	0.001	0.001
0.987	0.001	0.001	0.011
0.997	0.001	0.001	0.001
0.025	0.001	0.962	0.012
0.001	0.001	0.754	0.244
0.001	0.962	0.001	0.036
0.037	0.091	0.822	0.050
>CCGCTAGAKG	10-CCGCTAGAKG,BestGuess:srp/dmmpmm(Pollard)/fly(0.612)	8.622371	-90.345954	0	T:169.0(1.11%),B:58.8(0.18%),P:1e-39
0.323	0.521	0.069	0.087
0.001	0.997	0.001	0.001
0.063	0.001	0.726	0.210
0.063	0.829	0.045	0.063
0.001	0.001	0.001	0.997
0.978	0.001	0.020	0.001
0.020	0.001	0.978	0.001
0.997	0.001	0.001	0.001
0.001	0.042	0.527	0.430
0.194	0.086	0.445	0.276
>MATMWGTCGAGT	13-MATMWGTCGAGT,BestGuess:MA0247.2_tin/Jaspar(0.717)	9.653458	-72.256705	0	T:97.0(0.64%),B:17.0(0.05%),P:1e-31
0.432	0.284	0.269	0.015
0.569	0.344	0.036	0.051
0.044	0.336	0.015	0.605
0.378	0.461	0.001	0.160
0.373	0.080	0.218	0.328
0.146	0.168	0.423	0.263
0.015	0.037	0.037	0.911
0.022	0.891	0.036	0.051
0.037	0.336	0.591	0.036
0.804	0.058	0.058	0.080
0.044	0.037	0.868	0.051
0.051	0.058	0.051	0.840
>CCATTTAGTTCC	14-CCATTTAGTTCC,BestGuess:kni/dmmpmm(Papatsenko)/fly(0.645)	9.174910	-70.570583	0	T:160.0(1.05%),B:72.2(0.22%),P:1e-30
0.172	0.567	0.058	0.203
0.028	0.938	0.033	0.001
0.856	0.001	0.057	0.086
0.001	0.028	0.115	0.856
0.001	0.001	0.001	0.997
0.001	0.208	0.028	0.763
0.704	0.147	0.003	0.146
0.001	0.087	0.736	0.176
0.143	0.028	0.001	0.828
0.001	0.001	0.001	0.997
0.115	0.702	0.151	0.032
0.001	0.679	0.057	0.263
>CACGTGTT	13-CACGTGTT,BestGuess:MF0007.1_bHLH(zip)_class/Jaspar(0.912)	5.746920	-70.046427	0	T:665.0(4.36%),B:778.7(2.37%),P:1e-30
0.035	0.867	0.036	0.062
0.936	0.001	0.062	0.001
0.001	0.997	0.001	0.001
0.024	0.001	0.896	0.079
0.001	0.036	0.001	0.962
0.001	0.001	0.915	0.083
0.034	0.107	0.094	0.765
0.085	0.070	0.102	0.743
>GGTYSTGACGTT	15-GGTYSTGACGTT,BestGuess:MF0002.1_bZIP_CREB/G-box-like_subclass/Jaspar(0.713)	10.932341	-57.137217	0	T:60.0(0.39%),B:4.3(0.01%),P:1e-24
0.001	0.001	0.997	0.001
0.170	0.001	0.828	0.001
0.001	0.001	0.001	0.997
0.001	0.524	0.001	0.474
0.170	0.379	0.450	0.001
0.001	0.001	0.001	0.997
0.171	0.171	0.657	0.001
0.961	0.037	0.001	0.001
0.038	0.791	0.001	0.170
0.001	0.001	0.997	0.001
0.001	0.001	0.001	0.997
0.001	0.001	0.001	0.997
>TTCAHAACTCRT	16-TTCAHAACTCRT,BestGuess:pros/dmmpmm(Bergman)/fly(0.529)	9.028453	-56.638789	0	T:120.0(0.79%),B:50.5(0.15%),P:1e-24
0.082	0.001	0.075	0.842
0.001	0.130	0.025	0.844
0.001	0.822	0.100	0.077
0.924	0.001	0.074	0.001
0.310	0.386	0.053	0.251
0.641	0.001	0.001	0.357
0.695	0.303	0.001	0.001
0.050	0.899	0.001	0.050
0.334	0.001	0.051	0.614
0.075	0.899	0.001	0.025
0.484	0.075	0.363	0.078
0.025	0.076	0.001	0.898
>GACGCAGCAGAA	17-GACGCAGCAGAA,BestGuess:MA0530.1_CNC::maf-S/Jaspar(0.633)	10.274196	-53.077028	0	T:67.0(0.44%),B:10.3(0.03%),P:1e-23
0.051	0.025	0.899	0.025
0.824	0.001	0.100	0.075
0.100	0.799	0.001	0.100
0.051	0.001	0.923	0.025
0.051	0.822	0.051	0.076
0.900	0.025	0.025	0.050
0.050	0.025	0.824	0.101
0.151	0.698	0.025	0.126
0.823	0.075	0.001	0.101
0.100	0.075	0.800	0.025
0.948	0.050	0.001	0.001
0.775	0.050	0.100	0.075
>TGAAACGAGGTG	18-TGAAACGAGGTG,BestGuess:MA0204.1_Six4/Jaspar(0.689)	9.998970	-52.182209	0	T:83.0(0.54%),B:22.8(0.07%),P:1e-22
0.101	0.050	0.050	0.799
0.001	0.001	0.997	0.001
0.949	0.001	0.001	0.049
0.865	0.050	0.001	0.084
0.849	0.001	0.050	0.100
0.049	0.949	0.001	0.001
0.331	0.001	0.607	0.061
0.899	0.050	0.001	0.050
0.050	0.086	0.814	0.050
0.090	0.050	0.605	0.255
0.255	0.157	0.130	0.458
0.059	0.151	0.713	0.077
>CAGCGCACTATC	19-CAGCGCACTATC,BestGuess:POL010.1_DCE_S_III/Jaspar(0.613)	9.873010	-48.534646	0	T:67.0(0.44%),B:13.8(0.04%),P:1e-21
0.021	0.915	0.021	0.043
0.977	0.001	0.021	0.001
0.001	0.085	0.893	0.021
0.001	0.956	0.001	0.042
0.043	0.097	0.775	0.085
0.021	0.904	0.021	0.054
0.765	0.021	0.001	0.213
0.065	0.859	0.012	0.064
0.085	0.064	0.043	0.808
0.665	0.130	0.150	0.055
0.085	0.106	0.043	0.766
0.085	0.732	0.001	0.182
>GGCCATTCTG	17-GGCCATTCTG,BestGuess:pho/dmmpmm(Bergman)/fly(0.749)	11.057171	-46.779559	0	T:68.0(0.45%),B:15.5(0.05%),P:1e-20
0.001	0.001	0.997	0.001
0.195	0.001	0.803	0.001
0.001	0.997	0.001	0.001
0.001	0.997	0.001	0.001
0.755	0.001	0.001	0.243
0.195	0.001	0.001	0.803
0.001	0.001	0.001	0.997
0.001	0.841	0.001	0.157
0.001	0.001	0.001	0.997
0.195	0.001	0.803	0.001
>GTCTTCAGGGAC	20-GTCTTCAGGGAC,BestGuess:POL008.1_DCE_S_I/Jaspar(0.620)	10.615962	-44.182762	0	T:46.0(0.30%),B:4.0(0.01%),P:1e-19
0.045	0.074	0.844	0.037
0.001	0.037	0.037	0.925
0.001	0.924	0.037	0.038
0.001	0.001	0.036	0.962
0.037	0.074	0.001	0.888
0.001	0.925	0.037	0.037
0.776	0.186	0.001	0.037
0.149	0.074	0.703	0.074
0.150	0.074	0.702	0.074
0.001	0.001	0.962	0.036
0.738	0.149	0.076	0.037
0.149	0.697	0.037	0.117
>AGTGAGCA	20-AGTGAGCA,BestGuess:eyg/dmmpmm(Bergman)/fly(0.727)	8.185188	-39.843451	0	T:188.0(1.23%),B:160.5(0.49%),P:1e-17
0.997	0.001	0.001	0.001
0.001	0.001	0.997	0.001
0.001	0.068	0.124	0.807
0.100	0.001	0.898	0.001
0.910	0.001	0.001	0.088
0.001	0.001	0.997	0.001
0.001	0.997	0.001	0.001
0.997	0.001	0.001	0.001
>AATRAGCAAAAC	22-AATRAGCAAAAC,BestGuess:MA0010.1_br_Z1/Jaspar(0.633)	11.077094	-36.631303	0	T:46.0(0.30%),B:8.0(0.02%),P:1e-15
0.886	0.001	0.112	0.001
0.997	0.001	0.001	0.001
0.053	0.113	0.015	0.819
0.494	0.001	0.504	0.001
0.600	0.001	0.398	0.001
0.001	0.113	0.876	0.010
0.001	0.760	0.001	0.238
0.597	0.001	0.401	0.001
0.989	0.009	0.001	0.001
0.997	0.001	0.001	0.001
0.651	0.001	0.235	0.113
0.001	0.773	0.225	0.001
>AGTAGGCCAT	23-AGTAGGCCAT,BestGuess:MA0533.1_SU(HW)/Jaspar(0.610)	8.226951	-34.593050	0	T:94.0(0.62%),B:53.0(0.16%),P:1e-15
0.997	0.001	0.001	0.001
0.001	0.001	0.997	0.001
0.025	0.025	0.001	0.949
0.954	0.014	0.031	0.001
0.025	0.025	0.925	0.025
0.001	0.076	0.737	0.186
0.001	0.997	0.001	0.001
0.025	0.696	0.014	0.265
0.949	0.025	0.001	0.025
0.001	0.001	0.024	0.974
>GTATAAAARNNV	1-GTATAAAARNNV,BestGuess:POL012.1_TATA-Box/Jaspar(0.971)	8.342756	-689.998988	0	T:1219.0(7.99%),B:387.7(1.18%),P:1e-299
0.211	0.278	0.441	0.070
0.001	0.001	0.001	0.997
0.997	0.001	0.001	0.001
0.001	0.001	0.001	0.997
0.997	0.001	0.001	0.001
0.624	0.001	0.001	0.374
0.997	0.001	0.001	0.001
0.657	0.001	0.001	0.341
0.370	0.143	0.319	0.168
0.215	0.294	0.310	0.181
0.242	0.271	0.287	0.199
0.249	0.247	0.370	0.135
>NRTCAGTCGH	1-NRTCAGTCGH,BestGuess:Initiator/Drosophila-Promoters/Homer(0.935)	5.155627	-654.657379	0	T:4787.0(31.39%),B:5455.0(16.60%),P:1e-284
0.225	0.293	0.202	0.280
0.354	0.181	0.277	0.187
0.085	0.095	0.261	0.559
0.032	0.966	0.001	0.001
0.997	0.001	0.001	0.001
0.001	0.001	0.997	0.001
0.221	0.001	0.001	0.777
0.053	0.710	0.001	0.236
0.089	0.087	0.513	0.311
0.264	0.223	0.177	0.337
>TGGCAACGYTGY	4-TGGCAACGYTGY,BestGuess:Unknown3/Drosophila-Promoters/Homer(0.763)	7.895255	-313.489596	0	T:658.0(4.31%),B:265.4(0.81%),P:1e-136
0.052	0.149	0.021	0.778
0.010	0.001	0.870	0.119
0.132	0.001	0.797	0.070
0.004	0.994	0.001	0.001
0.968	0.001	0.030	0.001
0.844	0.010	0.067	0.079
0.067	0.765	0.001	0.167
0.187	0.107	0.589	0.117
0.091	0.394	0.143	0.372
0.133	0.232	0.047	0.588
0.064	0.130	0.644	0.162
0.197	0.357	0.123	0.323
>CRMYAGATGGCG	6-CRMYAGATGGCG,BestGuess:MA0531.1_CTCF/Jaspar(0.875)	7.535107	-189.717154	0	T:596.0(3.91%),B:371.8(1.13%),P:1e-82
0.192	0.540	0.014	0.254
0.392	0.154	0.330	0.125
0.347	0.421	0.154	0.079
0.204	0.421	0.007	0.369
0.997	0.001	0.001	0.001
0.001	0.001	0.997	0.001
0.676	0.001	0.322	0.001
0.001	0.001	0.178	0.820
0.126	0.001	0.872	0.001
0.217	0.001	0.611	0.171
0.071	0.810	0.001	0.118
0.208	0.043	0.517	0.232
>TCCGACACGGCA	7-TCCGACACGGCA,BestGuess:prd/dmmpmm(Noyes)/fly(0.686)	11.315993	-147.521373	0	T:132.0(0.87%),B:1.4(0.00%),P:1e-64
0.016	0.001	0.001	0.982
0.008	0.990	0.001	0.001
0.001	0.990	0.001	0.008
0.001	0.008	0.990	0.001
0.990	0.001	0.001	0.008
0.008	0.974	0.001	0.017
0.990	0.008	0.001	0.001
0.001	0.997	0.001	0.001
0.008	0.001	0.990	0.001
0.034	0.001	0.922	0.043
0.025	0.734	0.001	0.240
0.997	0.001	0.001	0.001
>GAGCATCTCC	8-GAGCATCTCC,BestGuess:Rel/dmmpmm(Bergman)/fly(0.580)	9.223672	-121.093251	0	T:143.0(0.94%),B:16.2(0.05%),P:1e-52
0.001	0.001	0.997	0.001
0.997	0.001	0.001	0.001
0.001	0.001	0.997	0.001
0.001	0.684	0.087	0.228
0.982	0.001	0.016	0.001
0.001	0.016	0.001	0.982
0.034	0.964	0.001	0.001
0.051	0.001	0.001	0.947
0.001	0.997	0.001	0.001
0.001	0.997	0.001	0.001
>GGGTGAGAAAAA	9-GGGTGAGAAAAA,BestGuess:hb/dmmpmm(Pollard)/fly(0.671)	10.582723	-115.059273	0	T:139.0(0.91%),B:17.5(0.05%),P:1e-49
0.077	0.001	0.921	0.001
0.001	0.001	0.997	0.001
0.232	0.001	0.766	0.001
0.001	0.001	0.001	0.997
0.019	0.078	0.592	0.311
0.997	0.001	0.001	0.001
0.001	0.011	0.732	0.256
0.947	0.029	0.023	0.001
0.997	0.001	0.001	0.001
0.911	0.001	0.011	0.077
0.997	0.001	0.001	0.001
0.845	0.077	0.077	0.001
>ACAACTGCAGHR	10-ACAACTGCAGHR,BestGuess:sd/dmmpmm(Bergman)/fly(0.537)	9.167482	-114.493839	0	T:119.0(0.78%),B:7.4(0.02%),P:1e-49
0.749	0.057	0.057	0.137
0.025	0.560	0.258	0.157
0.579	0.169	0.215	0.037
0.675	0.021	0.190	0.114
0.171	0.491	0.032	0.306
0.059	0.064	0.032	0.845
0.064	0.043	0.553	0.340
0.043	0.688	0.219	0.050
0.482	0.185	0.027	0.306
0.055	0.041	0.845	0.059
0.269	0.418	0.037	0.276
0.438	0.185	0.315	0.062
>YTGTTTAS	10-YTGTTTAS,BestGuess:MA0458.1_slp1/Jaspar(0.909)	7.580941	-103.875405	0	T:521.0(3.42%),B:453.9(1.38%),P:1e-45
0.071	0.341	0.197	0.390
0.125	0.025	0.037	0.813
0.070	0.001	0.846	0.083
0.001	0.063	0.082	0.854
0.001	0.068	0.001	0.930
0.036	0.001	0.001	0.962
0.918	0.001	0.080	0.001
0.077	0.420	0.345	0.159
>GTTAGT	10-GTTAGT,BestGuess:br-Z4/dmmpmm(Pollard)/fly(0.730)	6.238914	-99.932049	0	T:1743.0(11.43%),B:2465.9(7.50%),P:1e-43
0.001	0.167	0.595	0.237
0.001	0.240	0.001	0.758
0.001	0.001	0.001	0.997
0.997	0.001	0.001	0.001
0.001	0.001	0.997	0.001
0.001	0.001	0.001	0.997
>GAGAAAAGGYKA	12-GAGAAAAGGYKA,BestGuess:pan/dmmpmm(Bergman)/fly(0.606)	11.154821	-87.943790	0	T:111.0(0.73%),B:16.6(0.05%),P:1e-38
0.071	0.001	0.927	0.001
0.985	0.005	0.009	0.001
0.010	0.005	0.912	0.073
0.638	0.001	0.360	0.001
0.997	0.001	0.001	0.001
0.984	0.014	0.001	0.001
0.850	0.072	0.001	0.077
0.001	0.015	0.979	0.005
0.077	0.001	0.670	0.252
0.145	0.483	0.001	0.371
0.001	0.226	0.330	0.442
0.839	0.001	0.001	0.159
>MAACATGG	15-MAACATGG,BestGuess:MA0445.1_D/Jaspar(0.617)	6.556511	-81.571393	0	T:354.0(2.32%),B:282.3(0.86%),P:1e-35
0.472	0.526	0.001	0.001
0.997	0.001	0.001	0.001
0.482	0.243	0.001	0.274
0.001	0.997	0.001	0.001
0.997	0.001	0.001	0.001
0.001	0.001	0.001	0.997
0.001	0.001	0.997	0.001
0.043	0.007	0.949	0.001
>CGCGAGTGTC	10-CGCGAGTGTC,BestGuess:tin/dmmpmm(SeSiMCMC)/fly(0.641)	9.738780	-72.383344	0	T:103.0(0.68%),B:21.0(0.06%),P:1e-31
0.175	0.727	0.097	0.001
0.001	0.001	0.689	0.309
0.001	0.808	0.001	0.190
0.359	0.001	0.514	0.126
0.997	0.001	0.001	0.001
0.001	0.333	0.665	0.001
0.001	0.003	0.001	0.995
0.001	0.253	0.600	0.146
0.001	0.044	0.001	0.954
0.001	0.917	0.001	0.081
>TTTGACAG	16-TTTGACAG,BestGuess:Achi/dmmpmm(Noyes_hd)/fly(0.955)	6.598300	-67.541974	0	T:508.0(3.33%),B:542.3(1.65%),P:1e-29
0.001	0.079	0.001	0.919
0.001	0.093	0.001	0.905
0.001	0.001	0.001	0.997
0.001	0.001	0.997	0.001
0.997	0.001	0.001	0.001
0.001	0.997	0.001	0.001
0.997	0.001	0.001	0.001
0.096	0.133	0.633	0.138
>RSACGTGTTT	13-RSACGTGTTT,BestGuess:MF0007.1_bHLH(zip)_class/Jaspar(0.803)	7.252894	-67.501506	0	T:190.0(1.25%),B:108.5(0.33%),P:1e-29
0.510	0.082	0.369	0.039
0.176	0.445	0.364	0.014
0.863	0.042	0.066	0.029
0.294	0.610	0.037	0.059
0.050	0.203	0.700	0.047
0.176	0.036	0.126	0.662
0.058	0.060	0.854	0.028
0.145	0.238	0.168	0.449
0.146	0.041	0.321	0.492
0.022	0.183	0.309	0.485
>AATGGCGGAT	15-AATGGCGGAT,BestGuess:pho/dmmpmm(Bergman)/fly(0.802)	8.993421	-66.087390	0	T:112.0(0.73%),B:33.5(0.10%),P:1e-28
0.805	0.027	0.001	0.167
0.987	0.001	0.001	0.011
0.001	0.001	0.001	0.997
0.020	0.001	0.978	0.001
0.064	0.001	0.924	0.011
0.043	0.955	0.001	0.001
0.001	0.001	0.981	0.017
0.046	0.043	0.890	0.021
0.819	0.080	0.021	0.080
0.118	0.086	0.021	0.775
>CCGCTAGA	17-CCGCTAGA,BestGuess:ovo/dmmpmm(Bigfoot)/fly(0.646)	8.884480	-56.980281	0	T:147.0(0.96%),B:77.8(0.24%),P:1e-24
0.001	0.997	0.001	0.001
0.001	0.997	0.001	0.001
0.001	0.001	0.864	0.134
0.001	0.997	0.001	0.001
0.001	0.001	0.001	0.997
0.997	0.001	0.001	0.001
0.001	0.001	0.997	0.001
0.837	0.001	0.161	0.001
>TCGTGAAACGAG	15-TCGTGAAACGAG,BestGuess:grh/dmmpmm(SeSiMCMC)/fly(0.580)	11.197143	-56.621742	0	T:55.0(0.36%),B:2.7(0.01%),P:1e-24
0.040	0.068	0.080	0.812
0.028	0.716	0.121	0.135
0.130	0.027	0.723	0.120
0.230	0.001	0.013	0.756
0.080	0.081	0.798	0.041
0.852	0.067	0.054	0.027
0.837	0.027	0.094	0.042
0.731	0.067	0.014	0.188
0.269	0.651	0.027	0.053
0.190	0.040	0.635	0.135
0.891	0.014	0.054	0.041
0.053	0.053	0.840	0.054
>AATCAGTCGAGT	16-AATCAGTCGAGT,BestGuess:z/dmmpmm(SeSiMCMC)/fly(0.645)	9.555883	-54.185197	0	T:127.0(0.83%),B:60.1(0.18%),P:1e-23
0.805	0.001	0.001	0.193
0.682	0.197	0.040	0.081
0.001	0.240	0.078	0.681
0.120	0.677	0.001	0.202
0.838	0.001	0.001	0.160
0.199	0.117	0.557	0.127
0.193	0.038	0.001	0.768
0.001	0.602	0.001	0.396
0.002	0.280	0.717	0.001
0.997	0.001	0.001	0.001
0.120	0.038	0.841	0.001
0.001	0.001	0.001	0.997
>GGCCATTCTG	19-GGCCATTCTG,BestGuess:pho/dmmpmm(Bergman)/fly(0.722)	10.515568	-51.030609	0	T:71.0(0.47%),B:14.9(0.05%),P:1e-22
0.001	0.001	0.997	0.001
0.126	0.001	0.872	0.001
0.001	0.997	0.001	0.001
0.001	0.997	0.001	0.001
0.618	0.001	0.127	0.254
0.253	0.001	0.001	0.745
0.001	0.001	0.001	0.997
0.001	0.896	0.001	0.102
0.126	0.001	0.001	0.872
0.001	0.001	0.997	0.001
>GTTKTGACGTTT	17-GTTKTGACGTTT,BestGuess:tll/dmmpmm(Noyes)/fly(0.705)	10.569631	-50.807439	0	T:58.0(0.38%),B:6.4(0.02%),P:1e-22
0.243	0.001	0.701	0.055
0.027	0.075	0.181	0.717
0.001	0.165	0.003	0.831
0.048	0.176	0.451	0.324
0.069	0.181	0.080	0.670
0.001	0.285	0.651	0.063
0.774	0.005	0.096	0.125
0.224	0.738	0.037	0.001
0.149	0.056	0.638	0.157
0.016	0.080	0.001	0.903
0.001	0.101	0.149	0.749
0.043	0.101	0.173	0.683
>TTCAGAACTCAT	18-TTCAGAACTCAT,BestGuess:br-Z4/dmmpmm(Pollard)/fly(0.538)	10.661534	-48.495891	0	T:64.0(0.42%),B:11.6(0.04%),P:1e-21
0.001	0.136	0.001	0.862
0.001	0.001	0.091	0.907
0.001	0.769	0.092	0.138
0.997	0.001	0.001	0.001
0.150	0.137	0.712	0.001
0.679	0.137	0.001	0.183
0.697	0.141	0.116	0.046
0.001	0.770	0.001	0.228
0.001	0.020	0.045	0.934
0.091	0.671	0.050	0.188
0.997	0.001	0.001	0.001
0.001	0.001	0.001	0.997
>ACAACAAC	22-ACAACAAC,BestGuess:Aef1/dmmpmm(Pollard)/fly(0.888)	5.998095	-45.186497	0	T:1206.0(7.91%),B:1863.5(5.67%),P:1e-19
0.618	0.144	0.122	0.116
0.001	0.818	0.041	0.140
0.549	0.206	0.162	0.083
0.807	0.053	0.001	0.139
0.057	0.941	0.001	0.001
0.674	0.092	0.001	0.233
0.616	0.170	0.001	0.213
0.085	0.736	0.178	0.001
>GACTCTAGTC	20-GACTCTAGTC,BestGuess:tin/dmmpmm(SeSiMCMC)/fly(0.545)	9.480669	-43.132971	0	T:54.0(0.35%),B:8.9(0.03%),P:1e-18
0.001	0.025	0.923	0.051
0.973	0.001	0.001	0.025
0.025	0.845	0.129	0.001
0.026	0.026	0.077	0.871
0.001	0.922	0.001	0.076
0.077	0.032	0.001	0.890
0.967	0.001	0.001	0.031
0.001	0.001	0.997	0.001
0.001	0.257	0.001	0.741
0.001	0.897	0.051	0.051
>CGCWGCAGAA	21-CGCWGCAGAA,BestGuess:Mad/dmmpmm(SeSiMCMC)/fly(0.584)	9.893083	-39.318135	0	T:47.0(0.31%),B:7.0(0.02%),P:1e-17
0.001	0.997	0.001	0.001
0.001	0.001	0.941	0.057
0.001	0.826	0.001	0.172
0.461	0.001	0.137	0.401
0.001	0.001	0.598	0.400
0.001	0.674	0.004	0.321
0.732	0.001	0.266	0.001
0.001	0.001	0.592	0.406
0.677	0.055	0.001	0.267
0.768	0.184	0.001	0.047
>GTCTTCAGGGAC	22-GTCTTCAGGGAC,BestGuess:MA0026.1_Eip74EF/Jaspar(0.575)	12.672793	-33.374939	0	T:34.0(0.22%),B:2.7(0.01%),P:1e-14
0.249	0.001	0.749	0.001
0.001	0.001	0.001	0.997
0.001	0.963	0.001	0.035
0.001	0.001	0.001	0.997
0.035	0.001	0.001	0.963
0.001	0.997	0.001	0.001
0.997	0.001	0.001	0.001
0.001	0.001	0.997	0.001
0.035	0.001	0.963	0.001
0.035	0.001	0.963	0.001
0.963	0.001	0.035	0.001
0.001	0.856	0.001	0.142
>GATTCAAAAC	24-GATTCAAAAC,BestGuess:Unknown6/Drosophila-Promoters/Homer(0.659)	10.301666	-31.887959	0	T:52.0(0.34%),B:15.6(0.05%),P:1e-13
0.102	0.001	0.896	0.001
0.997	0.001	0.001	0.001
0.001	0.001	0.001	0.997
0.001	0.001	0.001	0.997
0.001	0.997	0.001	0.001
0.981	0.001	0.001	0.017
0.925	0.001	0.041	0.033
0.997	0.001	0.001	0.001
0.997	0.001	0.001	0.001
0.001	0.997	0.001	0.001
>GTATAAAAAVVS	1-GTATAAAAAVVS,BestGuess:POL012.1_TATA-Box/Jaspar(0.975)	7.737979	-710.507890	0	T:1221.0(8.00%),B:368.7(1.12%),P:1e-308
0.253	0.257	0.424	0.066
0.033	0.055	0.052	0.860
0.919	0.004	0.004	0.073
0.018	0.004	0.037	0.941
0.952	0.007	0.001	0.040
0.651	0.001	0.047	0.301
0.989	0.001	0.007	0.003
0.690	0.015	0.102	0.193
0.479	0.083	0.317	0.121
0.226	0.259	0.356	0.160
0.250	0.264	0.352	0.134
0.209	0.268	0.380	0.143
>TCAGTCVB	1-TCAGTCVB,BestGuess:Initiator/Drosophila-Promoters/Homer(0.909)	4.791919	-686.695498	0	T:4790.0(31.39%),B:5340.1(16.28%),P:1e-298
0.068	0.110	0.295	0.527
0.001	0.765	0.001	0.233
0.916	0.001	0.082	0.001
0.001	0.109	0.703	0.187
0.313	0.001	0.001	0.685
0.169	0.621	0.001	0.209
0.268	0.239	0.366	0.127
0.181	0.218	0.333	0.268
>TGGCAACGYTGY	5-TGGCAACGYTGY,BestGuess:Unknown3/Drosophila-Promoters/Homer(0.768)	7.563949	-342.092588	0	T:774.0(5.07%),B:343.1(1.05%),P:1e-148
0.066	0.251	0.014	0.669
0.001	0.007	0.892	0.100
0.129	0.001	0.849	0.021
0.001	0.997	0.001	0.001
0.997	0.001	0.001	0.001
0.791	0.061	0.059	0.089
0.001	0.781	0.001	0.217
0.229	0.143	0.520	0.108
0.072	0.377	0.136	0.416
0.186	0.273	0.100	0.441
0.043	0.107	0.578	0.272
0.215	0.309	0.108	0.368
>AGATGGCKGY	7-AGATGGCKGY,BestGuess:MA0531.1_CTCF/Jaspar(0.783)	7.028043	-240.971217	0	T:770.0(5.05%),B:486.4(1.48%),P:1e-104
0.942	0.037	0.001	0.020
0.276	0.123	0.558	0.043
0.887	0.001	0.070	0.042
0.038	0.018	0.147	0.797
0.061	0.001	0.905	0.033
0.001	0.006	0.863	0.130
0.007	0.949	0.007	0.037
0.182	0.076	0.427	0.314
0.140	0.169	0.467	0.224
0.142	0.383	0.077	0.399
>GGGTBRBMAAAA	8-GGGTBRBMAAAA,BestGuess:hb/dmmpmm(Pollard)/fly(0.630)	10.326964	-117.343767	0	T:124.0(0.81%),B:8.6(0.03%),P:1e-50
0.084	0.042	0.725	0.149
0.075	0.074	0.809	0.042
0.320	0.021	0.648	0.011
0.042	0.001	0.053	0.904
0.117	0.276	0.300	0.307
0.521	0.011	0.414	0.054
0.043	0.234	0.363	0.360
0.459	0.467	0.042	0.032
0.863	0.021	0.074	0.042
0.926	0.021	0.032	0.021
0.586	0.403	0.010	0.001
0.788	0.106	0.085	0.021
>CGCYAGWKNG	10-CGCYAGWKNG,BestGuess:brk/dmmpmm(Bergman)/fly(0.667)	7.264914	-117.038195	0	T:426.0(2.79%),B:298.5(0.91%),P:1e-50
0.134	0.864	0.001	0.001
0.287	0.001	0.711	0.001
0.035	0.736	0.191	0.038
0.001	0.446	0.034	0.519
0.997	0.001	0.001	0.001
0.001	0.001	0.875	0.123
0.449	0.001	0.200	0.349
0.034	0.001	0.522	0.443
0.240	0.178	0.318	0.265
0.132	0.147	0.498	0.223
>AGCAGA	9-AGCAGA,BestGuess:grh/dmmpmm(Papatsenko)/fly(0.760)	6.177716	-110.848320	0	T:1032.0(6.76%),B:1197.3(3.65%),P:1e-48
0.700	0.100	0.100	0.100
0.100	0.100	0.700	0.100
0.100	0.700	0.100	0.100
0.700	0.100	0.100	0.100
0.100	0.100	0.700	0.100
0.700	0.100	0.100	0.100
>ATCTCCGACA	11-ATCTCCGACA,BestGuess:Mad/dmmpmm(SeSiMCMC)/fly(0.585)	8.644809	-91.878172	0	T:129.0(0.85%),B:25.4(0.08%),P:1e-39
0.997	0.001	0.001	0.001
0.011	0.001	0.001	0.987
0.001	0.997	0.001	0.001
0.001	0.001	0.001	0.997
0.001	0.987	0.011	0.001
0.001	0.997	0.001	0.001
0.001	0.012	0.975	0.012
0.981	0.006	0.001	0.012
0.001	0.997	0.001	0.001
0.965	0.033	0.001	0.001
>AACTGCAGYGCA	10-AACTGCAGYGCA,BestGuess:MA0242.1_run::Bgb/Jaspar(0.581)	11.437952	-87.096122	0	T:98.0(0.64%),B:9.3(0.03%),P:1e-37
0.942	0.053	0.004	0.001
0.730	0.004	0.265	0.001
0.004	0.942	0.053	0.001
0.216	0.004	0.053	0.727
0.001	0.004	0.836	0.159
0.004	0.780	0.163	0.053
0.734	0.053	0.001	0.212
0.001	0.001	0.946	0.052
0.057	0.398	0.001	0.544
0.163	0.185	0.440	0.212
0.001	0.997	0.001	0.001
0.781	0.001	0.001	0.217
>AGAGAAAAGTCG	11-AGAGAAAAGTCG,BestGuess:dl/dmmpmm(Pollard)/fly(0.643)	12.045028	-77.531854	0	T:107.0(0.70%),B:20.9(0.06%),P:1e-33
0.994	0.004	0.001	0.001
0.001	0.001	0.997	0.001
0.810	0.005	0.184	0.001
0.047	0.001	0.860	0.092
0.997	0.001	0.001	0.001
0.907	0.001	0.001	0.091
0.902	0.001	0.001	0.096
0.907	0.001	0.001	0.091
0.001	0.092	0.904	0.003
0.092	0.001	0.301	0.606
0.092	0.712	0.001	0.195
0.001	0.137	0.676	0.186
>TGCTGTTTAG	13-TGCTGTTTAG,BestGuess:MF0005.1_Forkhead_class/Jaspar(0.709)	8.803623	-71.186051	0	T:157.0(1.03%),B:68.0(0.21%),P:1e-30
0.047	0.015	0.001	0.937
0.295	0.009	0.676	0.020
0.001	0.972	0.015	0.012
0.047	0.020	0.009	0.924
0.015	0.001	0.965	0.019
0.013	0.009	0.013	0.965
0.001	0.031	0.001	0.967
0.031	0.009	0.029	0.931
0.986	0.012	0.001	0.001
0.020	0.036	0.875	0.069
>AKTSTY	12-AKTSTY,BestGuess:MF0011.1_HMG_class/Jaspar(0.761)	5.052469	-70.274703	0	T:2519.0(16.51%),B:4113.9(12.54%),P:1e-30
0.972	0.006	0.001	0.021
0.005	0.173	0.463	0.360
0.001	0.072	0.177	0.750
0.002	0.370	0.435	0.194
0.001	0.068	0.207	0.724
0.147	0.390	0.001	0.462
>CAACAACTGC	14-CAACAACTGC,BestGuess:Aef1/dmmpmm(Pollard)/fly(0.813)	8.781646	-67.845848	0	T:126.0(0.83%),B:43.1(0.13%),P:1e-29
0.001	0.958	0.040	0.001
0.899	0.001	0.086	0.014
0.997	0.001	0.001	0.001
0.001	0.997	0.001	0.001
0.997	0.001	0.001	0.001
0.997	0.001	0.001	0.001
0.001	0.997	0.001	0.001
0.001	0.001	0.001	0.997
0.001	0.077	0.858	0.064
0.001	0.997	0.001	0.001
>TTTGACAG	13-TTTGACAG,BestGuess:Achi/dmmpmm(Noyes_hd)/fly(0.943)	8.192295	-62.393325	0	T:330.0(2.16%),B:296.4(0.90%),P:1e-27
0.001	0.081	0.001	0.917
0.001	0.001	0.001	0.997
0.001	0.001	0.001	0.997
0.001	0.001	0.997	0.001
0.997	0.001	0.001	0.001
0.001	0.997	0.001	0.001
0.997	0.001	0.001	0.001
0.001	0.186	0.693	0.120
>CAACATGAAG	16-CAACATGAAG,BestGuess:Eip74EF/dmmpmm(Pollard)/fly(0.675)	9.422686	-60.998627	0	T:138.0(0.90%),B:62.9(0.19%),P:1e-26
0.001	0.979	0.012	0.008
0.997	0.001	0.001	0.001
0.906	0.001	0.001	0.092
0.098	0.827	0.045	0.030
0.997	0.001	0.001	0.001
0.022	0.001	0.001	0.976
0.001	0.027	0.964	0.008
0.951	0.047	0.001	0.001
0.997	0.001	0.001	0.001
0.153	0.030	0.750	0.067
>ACACGTGT	15-ACACGTGT,BestGuess:MF0007.1_bHLH(zip)_class/Jaspar(0.854)	8.142095	-60.069176	0	T:243.0(1.59%),B:185.5(0.57%),P:1e-26
0.818	0.094	0.087	0.001
0.001	0.869	0.129	0.001
0.997	0.001	0.001	0.001
0.001	0.997	0.001	0.001
0.001	0.001	0.997	0.001
0.001	0.001	0.001	0.997
0.001	0.001	0.997	0.001
0.001	0.093	0.202	0.704
>CCTAGACGCAGC	17-CCTAGACGCAGC,BestGuess:POL010.1_DCE_S_III/Jaspar(0.588)	10.619235	-57.232099	0	T:58.0(0.38%),B:4.0(0.01%),P:1e-24
0.001	0.730	0.268	0.001
0.001	0.997	0.001	0.001
0.170	0.201	0.001	0.628
0.646	0.001	0.001	0.352
0.001	0.001	0.997	0.001
0.932	0.066	0.001	0.001
0.001	0.797	0.001	0.201
0.067	0.001	0.865	0.067
0.272	0.726	0.001	0.001
0.997	0.001	0.001	0.001
0.001	0.001	0.997	0.001
0.066	0.932	0.001	0.001
>CGTGAAACGAGG	19-CGTGAAACGAGG,BestGuess:MA0204.1_Six4/Jaspar(0.626)	10.309283	-55.411392	0	T:54.0(0.35%),B:2.9(0.01%),P:1e-24
0.098	0.652	0.163	0.087
0.207	0.065	0.630	0.098
0.206	0.032	0.108	0.654
0.088	0.054	0.793	0.065
0.933	0.001	0.044	0.022
0.762	0.011	0.216	0.011
0.848	0.032	0.001	0.119
0.250	0.663	0.044	0.043
0.065	0.022	0.750	0.163
0.751	0.054	0.001	0.194
0.022	0.001	0.783	0.194
0.250	0.141	0.489	0.119
>TGACGTTT	17-TGACGTTT,BestGuess:MF0002.1_bZIP_CREB/G-box-like_subclass/Jaspar(0.866)	7.652025	-50.536044	0	T:307.0(2.01%),B:297.3(0.91%),P:1e-21
0.001	0.001	0.001	0.997
0.001	0.001	0.764	0.234
0.997	0.001	0.001	0.001
0.090	0.908	0.001	0.001
0.001	0.001	0.997	0.001
0.001	0.001	0.001	0.997
0.047	0.001	0.149	0.803
0.001	0.001	0.001	0.997
>CTAGTGTCTTCA	21-CTAGTGTCTTCA,BestGuess:ems/dmmpmm(Pollard)/fly(0.582)	10.619324	-41.949142	0	T:46.0(0.30%),B:4.9(0.01%),P:1e-18
0.020	0.840	0.060	0.080
0.141	0.021	0.134	0.704
0.879	0.060	0.021	0.040
0.001	0.160	0.779	0.060
0.080	0.060	0.001	0.859
0.020	0.040	0.860	0.080
0.040	0.040	0.001	0.919
0.100	0.719	0.041	0.140
0.080	0.040	0.060	0.820
0.100	0.020	0.001	0.879
0.040	0.920	0.020	0.020
0.840	0.080	0.040	0.040
>AATCAGTCGAGT	22-AATCAGTCGAGT,BestGuess:z/dmmpmm(SeSiMCMC)/fly(0.652)	9.898567	-41.604327	0	T:100.0(0.66%),B:49.2(0.15%),P:1e-18
0.927	0.071	0.001	0.001
0.783	0.144	0.001	0.072
0.085	0.144	0.078	0.693
0.157	0.679	0.001	0.163
0.764	0.001	0.072	0.163
0.013	0.151	0.679	0.157
0.149	0.078	0.001	0.772
0.001	0.776	0.001	0.222
0.001	0.001	0.927	0.071
0.997	0.001	0.001	0.001
0.001	0.001	0.997	0.001
0.001	0.001	0.001	0.997
>GATTCAAAAC	22-GATTCAAAAC,BestGuess:Unknown6/Drosophila-Promoters/Homer(0.653)	11.344822	-38.685688	0	T:41.0(0.27%),B:3.8(0.01%),P:1e-16
0.001	0.084	0.914	0.001
0.997	0.001	0.001	0.001
0.001	0.001	0.001	0.997
0.015	0.001	0.001	0.983
0.001	0.997	0.001	0.001
0.997	0.001	0.001	0.001
0.997	0.001	0.001	0.001
0.997	0.001	0.001	0.001
0.997	0.001	0.001	0.001
0.001	0.997	0.001	0.001
>TGTTGTTCTTAC	23-TGTTGTTCTTAC,BestGuess:Aef1/dmmpmm(Pollard)/fly(0.686)	10.762410	-36.601612	0	T:37.0(0.24%),B:2.1(0.01%),P:1e-15
0.057	0.081	0.073	0.789
0.081	0.083	0.717	0.119
0.049	0.085	0.051	0.815
0.075	0.035	0.049	0.841
0.086	0.061	0.708	0.145
0.047	0.053	0.068	0.832
0.055	0.065	0.055	0.825
0.083	0.649	0.107	0.161
0.082	0.072	0.075	0.771
0.084	0.108	0.095	0.713
0.634	0.113	0.094	0.159
0.088	0.707	0.092	0.113
>TCTTCAGGGA	23-TCTTCAGGGA,BestGuess:MA0026.1_Eip74EF/Jaspar(0.609)	10.420848	-33.316010	0	T:34.0(0.22%),B:3.0(0.01%),P:1e-14
0.001	0.001	0.001	0.997
0.001	0.997	0.001	0.001
0.001	0.001	0.001	0.997
0.001	0.001	0.001	0.997
0.001	0.997	0.001	0.001
0.997	0.001	0.001	0.001
0.001	0.034	0.964	0.001
0.001	0.001	0.997	0.001
0.001	0.001	0.997	0.001
0.964	0.034	0.001	0.001
>ACCACGCT	23-ACCACGCT,BestGuess:POL010.1_DCE_S_III/Jaspar(0.626)	9.474773	-31.431363	0	T:74.0(0.48%),B:36.8(0.11%),P:1e-13
0.997	0.001	0.001	0.001
0.001	0.997	0.001	0.001
0.203	0.795	0.001	0.001
0.997	0.001	0.001	0.001
0.001	0.997	0.001	0.001
0.001	0.001	0.997	0.001
0.001	0.997	0.001	0.001
0.001	0.001	0.001	0.997
>NNKCAGTYGN	1-NNKCAGTYGN,BestGuess:Initiator/Drosophila-Promoters/Homer(0.898)	5.085061	-709.283991	0	T:4471.0(29.19%),B:4731.2(14.39%),P:1e-308
0.272	0.265	0.209	0.254
0.303	0.173	0.244	0.280
0.164	0.211	0.242	0.382
0.188	0.810	0.001	0.001
0.997	0.001	0.001	0.001
0.019	0.130	0.820	0.031
0.334	0.077	0.001	0.588
0.137	0.490	0.001	0.372
0.150	0.182	0.456	0.212
0.237	0.218	0.237	0.307
>GTATAAAARSVG	1-GTATAAAARSVG,BestGuess:POL012.1_TATA-Box/Jaspar(0.959)	7.490767	-691.543525	0	T:1192.0(7.78%),B:360.3(1.10%),P:1e-300
0.238	0.188	0.489	0.085
0.023	0.001	0.033	0.943
0.883	0.019	0.042	0.056
0.012	0.019	0.028	0.941
0.967	0.005	0.019	0.009
0.732	0.009	0.033	0.226
0.929	0.014	0.052	0.005
0.822	0.009	0.075	0.094
0.395	0.085	0.441	0.080
0.212	0.291	0.393	0.103
0.256	0.241	0.390	0.113
0.227	0.230	0.449	0.094
>TGGCAACGYTGY	5-TGGCAACGYTGY,BestGuess:Unknown3/Drosophila-Promoters/Homer(0.754)	7.836741	-319.473416	0	T:629.0(4.11%),B:230.7(0.70%),P:1e-138
0.043	0.172	0.014	0.771
0.014	0.014	0.850	0.122
0.093	0.001	0.878	0.028
0.028	0.964	0.007	0.001
0.950	0.001	0.035	0.014
0.859	0.036	0.054	0.051
0.022	0.815	0.007	0.156
0.187	0.062	0.586	0.165
0.014	0.486	0.124	0.376
0.083	0.256	0.065	0.596
0.022	0.079	0.789	0.110
0.121	0.421	0.069	0.389
>AAGATGGCGG	6-AAGATGGCGG,BestGuess:MA0531.1_CTCF/Jaspar(0.777)	6.725764	-213.646434	0	T:850.0(5.55%),B:636.9(1.94%),P:1e-92
0.514	0.072	0.145	0.269
0.864	0.032	0.004	0.100
0.210	0.097	0.643	0.050
0.871	0.004	0.121	0.004
0.041	0.001	0.059	0.899
0.024	0.036	0.929	0.011
0.018	0.039	0.803	0.140
0.053	0.811	0.010	0.126
0.075	0.098	0.591	0.236
0.147	0.109	0.511	0.233
>ACGGCAACAACT	7-ACGGCAACAACT,BestGuess:Aef1/dmmpmm(Pollard)/fly(0.727)	11.190957	-141.350494	0	T:123.0(0.80%),B:0.0(0.00%),P:1e-61
0.981	0.017	0.001	0.001
0.001	0.997	0.001	0.001
0.044	0.001	0.954	0.001
0.001	0.009	0.954	0.036
0.027	0.854	0.001	0.118
0.997	0.001	0.001	0.001
0.990	0.001	0.008	0.001
0.009	0.981	0.009	0.001
0.990	0.008	0.001	0.001
0.945	0.001	0.045	0.009
0.001	0.963	0.009	0.027
0.001	0.008	0.001	0.990
>AGCATCTCCGAC	8-AGCATCTCCGAC,BestGuess:POL013.1_MED-1/Jaspar(0.536)	11.328025	-126.703847	0	T:123.0(0.80%),B:4.1(0.01%),P:1e-55
0.990	0.001	0.008	0.001
0.001	0.001	0.997	0.001
0.001	0.678	0.091	0.230
0.997	0.001	0.001	0.001
0.001	0.009	0.009	0.981
0.001	0.997	0.001	0.001
0.017	0.001	0.001	0.981
0.001	0.990	0.001	0.008
0.001	0.990	0.001	0.008
0.001	0.008	0.990	0.001
0.997	0.001	0.001	0.001
0.001	0.990	0.001	0.008
>GGGTGAKCAAAA	9-GGGTGAKCAAAA,BestGuess:pan/dmmpmm(Pollard)/fly(0.661)	10.756466	-118.115364	0	T:129.0(0.84%),B:10.4(0.03%),P:1e-51
0.324	0.107	0.516	0.053
0.010	0.059	0.930	0.001
0.170	0.001	0.776	0.053
0.057	0.001	0.053	0.889
0.169	0.012	0.765	0.054
0.941	0.054	0.001	0.004
0.003	0.106	0.513	0.378
0.302	0.589	0.053	0.056
0.890	0.053	0.004	0.053
0.892	0.054	0.053	0.001
0.833	0.165	0.001	0.001
0.785	0.001	0.160	0.054
>STGTTTAGTC	7-STGTTTAGTC,BestGuess:MF0005.1_Forkhead_class/Jaspar(0.799)	7.137786	-110.251814	0	T:643.0(4.20%),B:605.6(1.84%),P:1e-47
0.011	0.369	0.474	0.146
0.168	0.053	0.001	0.778
0.001	0.071	0.885	0.043
0.010	0.001	0.056	0.933
0.001	0.239	0.001	0.759
0.031	0.063	0.041	0.865
0.857	0.001	0.006	0.136
0.011	0.120	0.784	0.085
0.129	0.090	0.006	0.775
0.166	0.514	0.032	0.288
>CGCTAGAGGG	10-CGCTAGAGGG,BestGuess:MA0531.1_CTCF/Jaspar(0.639)	7.223662	-99.201937	0	T:319.0(2.08%),B:202.3(0.62%),P:1e-43
0.103	0.786	0.043	0.068
0.160	0.001	0.793	0.046
0.107	0.730	0.063	0.100
0.109	0.317	0.045	0.529
0.941	0.011	0.047	0.001
0.053	0.014	0.869	0.064
0.674	0.101	0.124	0.101
0.047	0.029	0.602	0.322
0.101	0.162	0.585	0.152
0.165	0.058	0.605	0.172
>GAGAAAAGGCGA	11-GAGAAAAGGCGA,BestGuess:MA0459.1_tll/Jaspar(0.630)	11.569698	-83.851628	0	T:95.0(0.62%),B:9.2(0.03%),P:1e-36
0.001	0.001	0.997	0.001
0.986	0.001	0.012	0.001
0.013	0.013	0.973	0.001
0.986	0.012	0.001	0.001
0.997	0.001	0.001	0.001
0.973	0.013	0.001	0.013
0.997	0.001	0.001	0.001
0.013	0.001	0.973	0.013
0.001	0.001	0.695	0.303
0.001	0.986	0.001	0.012
0.007	0.067	0.900	0.026
0.947	0.001	0.001	0.051
>CTAGCAGACT	12-CTAGCAGACT,BestGuess:grh/dmmpmm(Papatsenko)/fly(0.606)	7.642369	-82.011462	0	T:182.0(1.19%),B:79.6(0.24%),P:1e-35
0.101	0.715	0.090	0.094
0.097	0.047	0.067	0.789
0.777	0.056	0.056	0.111
0.038	0.057	0.878	0.027
0.100	0.828	0.043	0.029
0.831	0.053	0.056	0.060
0.051	0.020	0.870	0.059
0.739	0.089	0.115	0.057
0.043	0.834	0.060	0.063
0.114	0.068	0.073	0.745
>TCAKTGYT	12-TCAKTGYT,BestGuess:MF0011.1_HMG_class/Jaspar(0.689)	6.446762	-78.734614	0	T:745.0(4.86%),B:867.9(2.64%),P:1e-34
0.005	0.031	0.272	0.692
0.065	0.795	0.001	0.139
0.849	0.001	0.149	0.001
0.001	0.001	0.488	0.510
0.054	0.001	0.193	0.752
0.394	0.001	0.604	0.001
0.079	0.371	0.069	0.481
0.002	0.032	0.031	0.935
>TGTSAAYA	13-TGTSAAYA,BestGuess:Vis/dmmpmm(Noyes_hd)/fly(0.828)	5.779199	-77.004416	0	T:1891.0(12.35%),B:2874.8(8.74%),P:1e-33
0.172	0.001	0.001	0.826
0.115	0.072	0.812	0.001
0.197	0.001	0.001	0.801
0.242	0.408	0.350	0.001
0.958	0.001	0.001	0.040
0.711	0.001	0.256	0.032
0.172	0.441	0.039	0.348
0.607	0.113	0.001	0.279
>GCAGCGCACTAT	12-GCAGCGCACTAT,BestGuess:Unknown3/Drosophila-Promoters/Homer(0.581)	10.154661	-74.343655	0	T:86.0(0.56%),B:9.6(0.03%),P:1e-32
0.001	0.001	0.974	0.024
0.001	0.997	0.001	0.001
0.908	0.036	0.001	0.055
0.001	0.036	0.908	0.055
0.037	0.618	0.018	0.327
0.037	0.055	0.890	0.018
0.018	0.946	0.018	0.018
0.742	0.001	0.018	0.239
0.038	0.851	0.018	0.093
0.037	0.037	0.018	0.908
0.509	0.146	0.235	0.110
0.110	0.075	0.055	0.760
>ACACGTGTTT	14-ACACGTGTTT,BestGuess:MF0007.1_bHLH(zip)_class/Jaspar(0.816)	7.387376	-61.966433	0	T:244.0(1.59%),B:182.6(0.56%),P:1e-26
0.739	0.077	0.122	0.062
0.058	0.786	0.086	0.070
0.845	0.032	0.053	0.070
0.038	0.802	0.087	0.073
0.051	0.054	0.786	0.109
0.044	0.051	0.044	0.861
0.062	0.050	0.841	0.047
0.048	0.049	0.079	0.824
0.047	0.080	0.119	0.754
0.095	0.074	0.065	0.766
>CACAACTCAT	17-CACAACTCAT,BestGuess:toy/dmmpmm(Pollard)/fly(0.586)	7.509270	-54.862499	0	T:214.0(1.40%),B:159.4(0.48%),P:1e-23
0.111	0.757	0.061	0.071
0.890	0.021	0.061	0.028
0.070	0.812	0.090	0.028
0.840	0.045	0.041	0.074
0.858	0.053	0.051	0.038
0.041	0.812	0.035	0.112
0.095	0.060	0.035	0.810
0.096	0.712	0.048	0.144
0.764	0.112	0.101	0.023
0.061	0.102	0.086	0.751
>CAACATGAAG	18-CAACATGAAG,BestGuess:Eip74EF/dmmpmm(Pollard)/fly(0.675)	8.927601	-51.124151	0	T:130.0(0.85%),B:67.1(0.20%),P:1e-22
0.001	0.961	0.021	0.017
0.968	0.017	0.014	0.001
0.846	0.014	0.017	0.123
0.070	0.835	0.061	0.034
0.997	0.001	0.001	0.001
0.045	0.001	0.001	0.953
0.001	0.001	0.990	0.008
0.899	0.099	0.001	0.001
0.965	0.001	0.001	0.033
0.112	0.001	0.810	0.077
>AAACGAGACAAA	19-AAACGAGACAAA,BestGuess:prd-PD/dmmpmm(Bergman)/fly(0.626)	11.468626	-50.932403	0	T:50.0(0.33%),B:2.1(0.01%),P:1e-22
0.997	0.001	0.001	0.001
0.997	0.001	0.001	0.001
0.774	0.001	0.001	0.224
0.001	0.997	0.001	0.001
0.012	0.001	0.986	0.001
0.638	0.001	0.001	0.360
0.001	0.360	0.638	0.001
0.803	0.001	0.183	0.013
0.001	0.997	0.001	0.001
0.805	0.001	0.181	0.013
0.997	0.001	0.001	0.001
0.997	0.001	0.001	0.001
>TGAAACGAGG	19-TGAAACGAGG,BestGuess:MA0204.1_Six4/Jaspar(0.648)	10.914227	-48.713708	0	T:48.0(0.31%),B:2.9(0.01%),P:1e-21
0.025	0.001	0.001	0.973
0.001	0.001	0.997	0.001
0.997	0.001	0.001	0.001
0.978	0.001	0.020	0.001
0.916	0.021	0.001	0.062
0.001	0.997	0.001	0.001
0.001	0.001	0.997	0.001
0.978	0.001	0.001	0.020
0.001	0.076	0.922	0.001
0.001	0.001	0.997	0.001
>AGCAGAAATGGG	23-AGCAGAAATGGG,BestGuess:pros/dmmpmm(Bergman)/fly(0.620)	12.307868	-48.189891	0	T:42.0(0.27%),B:0.4(0.00%),P:1e-20
0.971	0.027	0.001	0.001
0.001	0.001	0.971	0.027
0.001	0.971	0.001	0.027
0.997	0.001	0.001	0.001
0.001	0.001	0.997	0.001
0.971	0.001	0.027	0.001
0.971	0.001	0.027	0.001
0.749	0.001	0.249	0.001
0.055	0.027	0.001	0.917
0.027	0.001	0.971	0.001
0.001	0.001	0.997	0.001
0.001	0.001	0.832	0.166
>GCGCGAGTGT	21-GCGCGAGTGT,BestGuess:z/dmmpmm(Down)/fly(0.632)	9.764733	-43.353075	0	T:51.0(0.33%),B:6.3(0.02%),P:1e-18
0.001	0.001	0.997	0.001
0.047	0.951	0.001	0.001
0.001	0.001	0.997	0.001
0.001	0.997	0.001	0.001
0.001	0.001	0.997	0.001
0.997	0.001	0.001	0.001
0.023	0.001	0.975	0.001
0.001	0.047	0.001	0.951
0.001	0.001	0.831	0.167
0.001	0.023	0.001	0.975
>ATGTCCCCCA	22-ATGTCCCCCA,BestGuess:usp/dmmpmm(Bergman)/fly(0.662)	10.522145	-43.182386	0	T:43.0(0.28%),B:2.9(0.01%),P:1e-18
0.723	0.123	0.001	0.153
0.001	0.001	0.001	0.997
0.001	0.001	0.997	0.001
0.001	0.369	0.001	0.629
0.001	0.876	0.122	0.001
0.001	0.997	0.001	0.001
0.103	0.895	0.001	0.001
0.001	0.997	0.001	0.001
0.001	0.997	0.001	0.001
0.876	0.001	0.001	0.122
>CKTCAGGGAY	23-CKTCAGGGAY,BestGuess:MF0002.1_bZIP_CREB/G-box-like_subclass/Jaspar(0.594)	10.245123	-40.976812	0	T:41.0(0.27%),B:2.4(0.01%),P:1e-17
0.001	0.997	0.001	0.001
0.001	0.100	0.385	0.514
0.065	0.001	0.001	0.933
0.001	0.933	0.065	0.001
0.877	0.001	0.001	0.121
0.001	0.001	0.997	0.001
0.001	0.001	0.997	0.001
0.001	0.001	0.997	0.001
0.746	0.122	0.066	0.066
0.001	0.521	0.001	0.477
>ACGCAGCAGA	24-ACGCAGCAGA,BestGuess:grh/dmmpmm(Papatsenko)/fly(0.584)	9.731525	-39.954944	0	T:54.0(0.35%),B:10.9(0.03%),P:1e-17
0.977	0.021	0.001	0.001
0.001	0.997	0.001	0.001
0.001	0.001	0.997	0.001
0.065	0.907	0.001	0.027
0.937	0.001	0.001	0.061
0.001	0.001	0.997	0.001
0.001	0.935	0.021	0.043
0.977	0.021	0.001	0.001
0.001	0.001	0.997	0.001
0.997	0.001	0.001	0.001
>VTATAAAARNNN	1-VTATAAAARNNN,BestGuess:POL012.1_TATA-Box/Jaspar(0.963)	8.197725	-627.742387	0	T:1175.0(7.72%),B:410.6(1.25%),P:1e-272
0.348	0.311	0.279	0.063
0.001	0.006	0.001	0.992
0.973	0.001	0.001	0.025
0.019	0.001	0.001	0.979
0.997	0.001	0.001	0.001
0.629	0.001	0.001	0.369
0.997	0.001	0.001	0.001
0.559	0.001	0.178	0.262
0.364	0.122	0.334	0.180
0.263	0.265	0.307	0.165
0.308	0.272	0.253	0.168
0.273	0.236	0.296	0.195
>KTCAGTCG	1-KTCAGTCG,BestGuess:Initiator/Drosophila-Promoters/Homer(0.929)	4.884412	-603.530478	0	T:4729.0(31.07%),B:5539.0(16.86%),P:1e-262
0.189	0.177	0.268	0.366
0.027	0.064	0.291	0.618
0.001	0.881	0.001	0.117
0.963	0.001	0.017	0.019
0.001	0.001	0.976	0.022
0.246	0.028	0.055	0.671
0.034	0.666	0.001	0.299
0.039	0.133	0.708	0.120
>TGGCAACGYTGN	4-TGGCAACGYTGN,BestGuess:Unknown3/Drosophila-Promoters/Homer(0.769)	7.788856	-330.622967	0	T:713.0(4.68%),B:299.2(0.91%),P:1e-143
0.034	0.234	0.021	0.711
0.013	0.001	0.917	0.069
0.145	0.001	0.806	0.048
0.001	0.997	0.001	0.001
0.997	0.001	0.001	0.001
0.813	0.001	0.062	0.124
0.001	0.805	0.001	0.193
0.242	0.152	0.474	0.133
0.104	0.382	0.145	0.369
0.186	0.279	0.057	0.478
0.058	0.048	0.632	0.262
0.190	0.327	0.179	0.304
>AGTCTGCT	4-AGTCTGCT,BestGuess:grh/dmmpmm(Papatsenko)/fly(0.669)	6.664463	-276.443617	0	T:1116.0(7.33%),B:854.4(2.60%),P:1e-120
0.718	0.037	0.029	0.216
0.001	0.068	0.901	0.030
0.001	0.115	0.001	0.883
0.001	0.931	0.067	0.001
0.102	0.041	0.001	0.856
0.055	0.001	0.900	0.044
0.001	0.944	0.054	0.001
0.001	0.069	0.001	0.929
>WAGATGGCKS	7-WAGATGGCKS,BestGuess:MA0531.1_CTCF/Jaspar(0.782)	6.711824	-205.425921	0	T:777.0(5.10%),B:564.4(1.72%),P:1e-89
0.403	0.204	0.138	0.254
0.758	0.085	0.001	0.156
0.241	0.190	0.475	0.094
0.711	0.001	0.169	0.119
0.038	0.006	0.005	0.951
0.055	0.031	0.913	0.001
0.004	0.001	0.721	0.274
0.152	0.693	0.002	0.153
0.164	0.105	0.424	0.307
0.188	0.236	0.366	0.211
>TCTCCGACACGA	7-TCTCCGACACGA,BestGuess:prd/dmmpmm(Noyes)/fly(0.558)	10.536026	-117.617294	0	T:134.0(0.88%),B:13.5(0.04%),P:1e-51
0.024	0.048	0.072	0.856
0.024	0.856	0.024	0.096
0.071	0.001	0.095	0.833
0.048	0.856	0.024	0.072
0.048	0.832	0.024	0.096
0.096	0.119	0.761	0.024
0.833	0.001	0.047	0.119
0.001	0.857	0.071	0.071
0.927	0.001	0.001	0.071
0.119	0.738	0.024	0.119
0.024	0.024	0.951	0.001
0.718	0.001	0.233	0.048
>CAACTGCAGTGC	9-CAACTGCAGTGC,BestGuess:Aef1/dmmpmm(Pollard)/fly(0.606)	11.614994	-108.098224	0	T:106.0(0.70%),B:4.6(0.01%),P:1e-46
0.001	0.997	0.001	0.001
0.997	0.001	0.001	0.001
0.740	0.001	0.065	0.194
0.001	0.997	0.001	0.001
0.001	0.001	0.001	0.997
0.001	0.001	0.650	0.348
0.001	0.934	0.001	0.064
0.805	0.065	0.065	0.065
0.001	0.001	0.997	0.001
0.001	0.126	0.001	0.872
0.065	0.065	0.611	0.259
0.001	0.934	0.001	0.064
>GGGTGATAAAAA	10-GGGTGATAAAAA,BestGuess:hb/dmmpmm(Pollard)/fly(0.724)	10.948182	-106.938710	0	T:136.0(0.89%),B:20.5(0.06%),P:1e-46
0.052	0.017	0.897	0.034
0.184	0.017	0.782	0.017
0.121	0.052	0.793	0.034
0.119	0.001	0.086	0.794
0.051	0.001	0.828	0.120
0.880	0.069	0.017	0.034
0.121	0.052	0.260	0.567
0.889	0.038	0.056	0.017
0.896	0.001	0.086	0.017
0.880	0.034	0.052	0.034
0.964	0.034	0.001	0.001
0.844	0.069	0.086	0.001
>ACACGTGTTT	10-ACACGTGTTT,BestGuess:MF0007.1_bHLH(zip)_class/Jaspar(0.881)	7.974689	-95.506959	0	T:266.0(1.75%),B:149.8(0.46%),P:1e-41
0.688	0.056	0.255	0.001
0.001	0.901	0.097	0.001
0.997	0.001	0.001	0.001
0.001	0.773	0.225	0.001
0.001	0.121	0.877	0.001
0.001	0.001	0.001	0.997
0.001	0.001	0.961	0.037
0.024	0.083	0.180	0.713
0.240	0.050	0.230	0.479
0.176	0.220	0.031	0.573
>AGAGAAAAGGCG	11-AGAGAAAAGGCG,BestGuess:pan/dmmpmm(Bergman)/fly(0.632)	11.439100	-93.804505	0	T:102.0(0.67%),B:8.5(0.03%),P:1e-40
0.987	0.011	0.001	0.001
0.001	0.001	0.997	0.001
0.987	0.011	0.001	0.001
0.012	0.012	0.975	0.001
0.997	0.001	0.001	0.001
0.997	0.001	0.001	0.001
0.987	0.001	0.001	0.011
0.997	0.001	0.001	0.001
0.024	0.001	0.974	0.001
0.001	0.001	0.704	0.294
0.001	0.974	0.001	0.024
0.037	0.111	0.803	0.049
>TTGTTTAC	10-TTGTTTAC,BestGuess:MA0458.1_slp1/Jaspar(0.914)	6.085903	-92.579095	0	T:1503.0(9.87%),B:2088.7(6.36%),P:1e-40
0.001	0.349	0.134	0.516
0.077	0.051	0.001	0.871
0.041	0.001	0.957	0.001
0.001	0.070	0.001	0.928
0.001	0.117	0.001	0.881
0.001	0.097	0.052	0.850
0.902	0.001	0.001	0.096
0.071	0.481	0.277	0.172
>CCGCTAGAKGGC	12-CCGCTAGAKGGC,BestGuess:MA0531.1_CTCF/Jaspar(0.688)	8.289453	-92.300748	0	T:257.0(1.69%),B:144.4(0.44%),P:1e-40
0.211	0.699	0.015	0.075
0.014	0.984	0.001	0.001
0.135	0.001	0.819	0.045
0.001	0.786	0.061	0.152
0.015	0.214	0.001	0.770
0.984	0.001	0.014	0.001
0.001	0.001	0.997	0.001
0.653	0.030	0.271	0.046
0.060	0.151	0.366	0.424
0.076	0.257	0.546	0.121
0.152	0.075	0.516	0.257
0.136	0.637	0.076	0.151
>CGGCAACAACTK	14-CGGCAACAACTK,BestGuess:Aef1/dmmpmm(Pollard)/fly(0.814)	9.936326	-83.326341	0	T:142.0(0.93%),B:42.5(0.13%),P:1e-36
0.137	0.658	0.204	0.001
0.100	0.068	0.761	0.071
0.072	0.036	0.890	0.002
0.068	0.897	0.034	0.001
0.828	0.068	0.103	0.001
0.963	0.001	0.035	0.001
0.001	0.761	0.204	0.034
0.963	0.001	0.035	0.001
0.965	0.033	0.001	0.001
0.001	0.896	0.068	0.035
0.240	0.001	0.034	0.725
0.001	0.155	0.492	0.352
>TTGASA	8-TTGASA,BestGuess:Vis/dmmpmm(Noyes_hd)/fly(0.814)	3.677596	-82.676189	0	T:8277.0(54.38%),B:15840.2(48.20%),P:1e-35
0.001	0.261	0.145	0.593
0.001	0.189	0.001	0.809
0.001	0.273	0.725	0.001
0.623	0.001	0.071	0.305
0.004	0.408	0.452	0.135
0.862	0.001	0.001	0.136
>AACGAGGCGAAA	15-AACGAGGCGAAA,BestGuess:MA0237.2_pan/Jaspar(0.590)	10.682285	-64.442493	0	T:78.0(0.51%),B:10.4(0.03%),P:1e-27
0.813	0.145	0.001	0.041
0.997	0.001	0.001	0.001
0.001	0.794	0.001	0.204
0.214	0.001	0.744	0.041
0.835	0.001	0.001	0.163
0.082	0.041	0.876	0.001
0.055	0.001	0.854	0.090
0.041	0.812	0.106	0.041
0.171	0.001	0.705	0.123
0.876	0.082	0.041	0.001
0.746	0.088	0.165	0.001
0.997	0.001	0.001	0.001
>TSACAACTCA	16-TSACAACTCA,BestGuess:z/dmmpmm(Bigfoot)/fly(0.638)	8.596629	-58.462141	0	T:175.0(1.15%),B:106.4(0.32%),P:1e-25
0.008	0.042	0.001	0.949
0.095	0.508	0.396	0.001
0.686	0.028	0.137	0.149
0.241	0.595	0.163	0.001
0.829	0.001	0.001	0.169
0.519	0.020	0.327	0.134
0.218	0.780	0.001	0.001
0.105	0.001	0.125	0.769
0.001	0.997	0.001	0.001
0.958	0.001	0.040	0.001
>CAACATGAAG	17-CAACATGAAG,BestGuess:Eip74EF/dmmpmm(Pollard)/fly(0.674)	9.459272	-52.740775	0	T:116.0(0.76%),B:51.4(0.16%),P:1e-22
0.001	0.989	0.001	0.009
0.989	0.009	0.001	0.001
0.915	0.010	0.010	0.065
0.146	0.789	0.064	0.001
0.997	0.001	0.001	0.001
0.001	0.025	0.021	0.953
0.001	0.001	0.982	0.016
0.893	0.105	0.001	0.001
0.977	0.001	0.001	0.021
0.115	0.019	0.826	0.040
>TGACGTTT	19-TGACGTTT,BestGuess:MF0002.1_bZIP_CREB/G-box-like_subclass/Jaspar(0.880)	7.738594	-45.161743	0	T:314.0(2.06%),B:326.6(0.99%),P:1e-19
0.087	0.001	0.001	0.911
0.001	0.001	0.863	0.135
0.997	0.001	0.001	0.001
0.001	0.997	0.001	0.001
0.001	0.001	0.997	0.001
0.001	0.001	0.094	0.904
0.001	0.001	0.196	0.802
0.062	0.001	0.001	0.936
>GTAGGCTATGGT	20-GTAGGCTATGGT,BestGuess:pan/dmmpmm(Pollard)/fly(0.555)	10.221695	-44.639724	0	T:57.0(0.37%),B:9.6(0.03%),P:1e-19
0.055	0.054	0.863	0.028
0.001	0.001	0.276	0.722
0.476	0.081	0.165	0.278
0.083	0.001	0.915	0.001
0.028	0.001	0.582	0.389
0.001	0.997	0.001	0.001
0.027	0.249	0.055	0.669
0.447	0.277	0.001	0.275
0.001	0.026	0.001	0.972
0.001	0.082	0.890	0.027
0.306	0.082	0.528	0.084
0.167	0.112	0.109	0.612
>GTGTCTTCAGGG	21-GTGTCTTCAGGG,BestGuess:POL008.1_DCE_S_I/Jaspar(0.568)	10.308120	-44.243193	0	T:46.0(0.30%),B:3.8(0.01%),P:1e-19
0.057	0.029	0.885	0.029
0.201	0.116	0.029	0.654
0.143	0.058	0.770	0.029
0.086	0.029	0.057	0.828
0.057	0.798	0.029	0.116
0.058	0.001	0.057	0.884
0.057	0.001	0.057	0.885
0.028	0.943	0.028	0.001
0.942	0.001	0.001	0.056
0.115	0.001	0.827	0.057
0.174	0.057	0.683	0.086
0.029	0.001	0.942	0.028
>AAGACGATGACG	22-AAGACGATGACG,BestGuess:MF0002.1_bZIP_CREB/G-box-like_subclass/Jaspar(0.656)	11.373368	-28.076259	0	T:31.0(0.20%),B:3.8(0.01%),P:1e-12
0.943	0.001	0.055	0.001
0.560	0.398	0.001	0.041
0.055	0.001	0.943	0.001
0.886	0.001	0.001	0.112
0.112	0.886	0.001	0.001
0.001	0.001	0.943	0.055
0.830	0.168	0.001	0.001
0.001	0.001	0.001	0.997
0.001	0.001	0.997	0.001
0.997	0.001	0.001	0.001
0.001	0.943	0.001	0.055
0.001	0.001	0.997	0.001
>CCACTACCAC	22-CCACTACCAC,BestGuess:Aef1/dmmpmm(Pollard)/fly(0.606)	7.438910	-27.881679	0	T:315.0(2.07%),B:396.0(1.21%),P:1e-12
0.001	0.905	0.017	0.077
0.115	0.741	0.057	0.087
0.915	0.011	0.059	0.015
0.032	0.703	0.137	0.128
0.150	0.180	0.025	0.645
0.774	0.082	0.114	0.030
0.011	0.926	0.001	0.062
0.156	0.646	0.001	0.197
0.862	0.075	0.001	0.062
0.014	0.881	0.078	0.027
>RTATAAAAASVS	1-RTATAAAAASVS,BestGuess:POL012.1_TATA-Box/Jaspar(0.973)	7.769526	-693.570543	0	T:1188.0(7.80%),B:358.0(1.09%),P:1e-301
0.276	0.233	0.414	0.077
0.019	0.034	0.046	0.901
0.846	0.008	0.054	0.092
0.027	0.008	0.042	0.923
0.997	0.001	0.001	0.001
0.719	0.001	0.046	0.234
0.988	0.001	0.010	0.001
0.648	0.015	0.096	0.241
0.463	0.107	0.307	0.123
0.200	0.291	0.372	0.137
0.306	0.268	0.310	0.115
0.215	0.245	0.379	0.161
>NNKCAGTCGN	1-NNKCAGTCGN,BestGuess:Initiator/Drosophila-Promoters/Homer(0.938)	5.616785	-653.243129	0	T:4067.0(26.71%),B:4263.7(12.98%),P:1e-283
0.270	0.260	0.220	0.249
0.309	0.173	0.244	0.274
0.032	0.096	0.378	0.495
0.001	0.938	0.001	0.060
0.976	0.001	0.022	0.001
0.001	0.001	0.925	0.073
0.229	0.001	0.001	0.769
0.062	0.615	0.001	0.322
0.144	0.176	0.499	0.181
0.267	0.225	0.230	0.277
>TGGCAACGYTGY	4-TGGCAACGYTGY,BestGuess:Unknown3/Drosophila-Promoters/Homer(0.746)	7.927759	-340.586168	0	T:631.0(4.14%),B:212.6(0.65%),P:1e-147
0.048	0.168	0.024	0.760
0.001	0.008	0.951	0.040
0.143	0.001	0.855	0.001
0.001	0.997	0.001	0.001
0.997	0.001	0.001	0.001
0.792	0.056	0.040	0.112
0.001	0.806	0.001	0.192
0.145	0.096	0.691	0.068
0.024	0.470	0.065	0.441
0.100	0.225	0.040	0.635
0.001	0.056	0.832	0.111
0.145	0.382	0.080	0.393
>AGCAGACA	6-AGCAGACA,BestGuess:grh/dmmpmm(Papatsenko)/fly(0.738)	6.224193	-227.156572	0	T:750.0(4.92%),B:489.8(1.49%),P:1e-98
0.997	0.001	0.001	0.001
0.001	0.001	0.997	0.001
0.001	0.997	0.001	0.001
0.997	0.001	0.001	0.001
0.001	0.001	0.997	0.001
0.997	0.001	0.001	0.001
0.341	0.657	0.001	0.001
0.957	0.001	0.023	0.019
>CRCTAGATGGCG	5-CRCTAGATGGCG,BestGuess:MA0531.1_CTCF/Jaspar(0.899)	8.136786	-221.606345	0	T:436.0(2.86%),B:160.6(0.49%),P:1e-96
0.059	0.706	0.058	0.177
0.417	0.138	0.379	0.066
0.313	0.556	0.080	0.051
0.160	0.298	0.044	0.498
0.970	0.028	0.001	0.001
0.014	0.014	0.971	0.001
0.673	0.015	0.276	0.036
0.029	0.001	0.065	0.905
0.115	0.001	0.870	0.014
0.066	0.029	0.721	0.184
0.043	0.862	0.001	0.094
0.161	0.029	0.686	0.124
>CTCCGACACGGC	8-CTCCGACACGGC,BestGuess:prd/dmmpmm(Noyes)/fly(0.660)	10.197628	-126.425704	0	T:132.0(0.87%),B:8.7(0.03%),P:1e-54
0.001	0.997	0.001	0.001
0.019	0.001	0.001	0.979
0.092	0.815	0.092	0.001
0.001	0.815	0.001	0.183
0.001	0.183	0.815	0.001
0.907	0.001	0.001	0.091
0.092	0.815	0.001	0.092
0.979	0.019	0.001	0.001
0.001	0.997	0.001	0.001
0.091	0.001	0.907	0.001
0.001	0.001	0.992	0.006
0.021	0.785	0.010	0.184
>GAGCATCTCC	7-GAGCATCTCC,BestGuess:Rel/dmmpmm(Bergman)/fly(0.580)	8.719699	-110.319714	0	T:141.0(0.93%),B:21.4(0.06%),P:1e-47
0.001	0.001	0.997	0.001
0.997	0.001	0.001	0.001
0.009	0.001	0.989	0.001
0.010	0.751	0.071	0.168
0.997	0.001	0.001	0.001
0.001	0.001	0.028	0.970
0.028	0.970	0.001	0.001
0.058	0.009	0.001	0.932
0.001	0.997	0.001	0.001
0.001	0.997	0.001	0.001
>GGGTGAGAAAAA	9-GGGTGAGAAAAA,BestGuess:hb/dmmpmm(Pollard)/fly(0.639)	10.537742	-106.680804	0	T:116.0(0.76%),B:9.1(0.03%),P:1e-46
0.010	0.001	0.988	0.001
0.001	0.010	0.988	0.001
0.010	0.001	0.988	0.001
0.001	0.001	0.001	0.997
0.001	0.010	0.988	0.001
0.997	0.001	0.001	0.001
0.001	0.010	0.680	0.309
0.775	0.223	0.001	0.001
0.997	0.001	0.001	0.001
0.997	0.001	0.001	0.001
0.988	0.010	0.001	0.001
0.997	0.001	0.001	0.001
>AATCAGTCGAGT	10-AATCAGTCGAGT,BestGuess:MA0247.2_tin/Jaspar(0.636)	9.907163	-88.641523	0	T:131.0(0.86%),B:29.1(0.09%),P:1e-38
0.905	0.031	0.063	0.001
0.842	0.063	0.063	0.032
0.095	0.032	0.095	0.778
0.158	0.683	0.032	0.127
0.714	0.032	0.127	0.127
0.190	0.095	0.571	0.144
0.095	0.063	0.001	0.841
0.031	0.856	0.001	0.112
0.063	0.001	0.873	0.063
0.997	0.001	0.001	0.001
0.031	0.031	0.937	0.001
0.001	0.001	0.001	0.997
>DTTGTTTA	13-DTTGTTTA,BestGuess:MA0458.1_slp1/Jaspar(0.901)	7.457637	-85.304477	0	T:714.0(4.69%),B:797.0(2.43%),P:1e-37
0.319	0.124	0.297	0.260
0.001	0.370	0.001	0.628
0.001	0.001	0.001	0.997
0.001	0.001	0.997	0.001
0.001	0.001	0.001	0.997
0.001	0.001	0.001	0.997
0.001	0.001	0.001	0.997
0.864	0.001	0.001	0.134
>AGAGAAAAGGCG	11-AGAGAAAAGGCG,BestGuess:pan/dmmpmm(Bergman)/fly(0.634)	12.826398	-83.085853	0	T:94.0(0.62%),B:9.4(0.03%),P:1e-36
0.906	0.092	0.001	0.001
0.092	0.001	0.906	0.001
0.906	0.092	0.001	0.001
0.093	0.093	0.813	0.001
0.997	0.001	0.001	0.001
0.997	0.001	0.001	0.001
0.906	0.001	0.001	0.092
0.997	0.001	0.001	0.001
0.114	0.001	0.875	0.010
0.001	0.001	0.731	0.267
0.001	0.712	0.001	0.286
0.021	0.095	0.883	0.001
>CTKCAGYGCACT	12-CTKCAGYGCACT,BestGuess:POL008.1_DCE_S_I/Jaspar(0.544)	10.065161	-82.502228	0	T:78.0(0.51%),B:2.9(0.01%),P:1e-35
0.011	0.583	0.097	0.309
0.094	0.029	0.060	0.817
0.011	0.020	0.552	0.417
0.026	0.800	0.097	0.077
0.546	0.080	0.017	0.357
0.066	0.194	0.623	0.117
0.051	0.512	0.003	0.434
0.057	0.109	0.503	0.331
0.120	0.840	0.034	0.006
0.572	0.040	0.057	0.331
0.163	0.437	0.160	0.240
0.077	0.094	0.051	0.778
>CGCGAGTGTC	12-CGCGAGTGTC,BestGuess:z/dmmpmm(Down)/fly(0.629)	8.990223	-78.777833	0	T:108.0(0.71%),B:20.8(0.06%),P:1e-34
0.049	0.686	0.206	0.059
0.046	0.071	0.795	0.088
0.029	0.674	0.023	0.274
0.161	0.156	0.465	0.217
0.955	0.022	0.001	0.022
0.001	0.194	0.732	0.073
0.069	0.001	0.045	0.885
0.001	0.069	0.653	0.277
0.001	0.159	0.093	0.747
0.074	0.697	0.119	0.110
>CCGCTAGA	15-CCGCTAGA,BestGuess:ovo/dmmpmm(Bigfoot)/fly(0.636)	6.894359	-77.935934	0	T:234.0(1.54%),B:141.6(0.43%),P:1e-33
0.150	0.848	0.001	0.001
0.001	0.997	0.001	0.001
0.001	0.040	0.856	0.103
0.001	0.912	0.086	0.001
0.001	0.001	0.001	0.997
0.997	0.001	0.001	0.001
0.001	0.037	0.961	0.001
0.863	0.001	0.135	0.001
>CAACATGAAG	14-CAACATGAAG,BestGuess:Eip74EF/dmmpmm(Pollard)/fly(0.673)	9.378370	-69.614665	0	T:130.0(0.85%),B:45.6(0.14%),P:1e-30
0.001	0.997	0.001	0.001
0.997	0.001	0.001	0.001
0.855	0.046	0.001	0.098
0.129	0.802	0.068	0.001
0.997	0.001	0.001	0.001
0.001	0.045	0.001	0.953
0.001	0.001	0.997	0.001
0.905	0.093	0.001	0.001
0.968	0.001	0.030	0.001
0.124	0.001	0.874	0.001
>GCGGCCATTTTG	15-GCGGCCATTTTG,BestGuess:pho/dmmpmm(Bergman)/fly(0.742)	11.695364	-66.229609	0	T:66.0(0.43%),B:3.5(0.01%),P:1e-28
0.001	0.017	0.598	0.384
0.121	0.877	0.001	0.001
0.021	0.001	0.977	0.001
0.001	0.001	0.982	0.016
0.001	0.982	0.001	0.016
0.001	0.997	0.001	0.001
0.997	0.001	0.001	0.001
0.001	0.001	0.001	0.997
0.001	0.001	0.016	0.982
0.001	0.017	0.017	0.965
0.001	0.001	0.001	0.997
0.017	0.017	0.949	0.017
>TGTTTTGAAATT	16-TGTTTTGAAATT,BestGuess:Unknown6/Drosophila-Promoters/Homer(0.815)	6.537852	-61.950579	0	T:1379.0(9.06%),B:2058.7(6.27%),P:1e-26
0.090	0.090	0.069	0.751
0.104	0.094	0.641	0.161
0.086	0.058	0.080	0.776
0.063	0.053	0.077	0.807
0.073	0.058	0.084	0.785
0.076	0.070	0.067	0.787
0.092	0.097	0.702	0.109
0.761	0.084	0.067	0.088
0.759	0.086	0.061	0.094
0.690	0.073	0.087	0.150
0.096	0.074	0.077	0.753
0.075	0.065	0.073	0.787
>ACACGTGTTT	16-ACACGTGTTT,BestGuess:MF0007.1_bHLH(zip)_class/Jaspar(0.860)	8.732548	-59.936573	0	T:148.0(0.97%),B:74.1(0.23%),P:1e-26
0.525	0.232	0.242	0.001
0.080	0.816	0.001	0.103
0.997	0.001	0.001	0.001
0.001	0.997	0.001	0.001
0.001	0.073	0.925	0.001
0.043	0.001	0.078	0.878
0.001	0.001	0.925	0.073
0.052	0.005	0.209	0.734
0.056	0.033	0.201	0.710
0.001	0.146	0.068	0.785
>AAGTCGTCGG	18-AAGTCGTCGG,BestGuess:vnd/dmmpmm(Bergman)/fly(0.580)	8.341028	-52.615307	0	T:74.0(0.49%),B:15.3(0.05%),P:1e-22
0.971	0.001	0.001	0.027
0.977	0.001	0.021	0.001
0.001	0.001	0.997	0.001
0.001	0.102	0.001	0.896
0.001	0.997	0.001	0.001
0.001	0.001	0.954	0.044
0.001	0.001	0.001	0.997
0.001	0.997	0.001	0.001
0.001	0.028	0.791	0.180
0.001	0.001	0.997	0.001
>TCAGAACTCA	20-TCAGAACTCA,BestGuess:z/dmmpmm(Bigfoot)/fly(0.592)	8.684318	-51.686018	0	T:100.0(0.66%),B:37.6(0.11%),P:1e-22
0.001	0.001	0.001	0.997
0.001	0.905	0.047	0.047
0.928	0.049	0.001	0.022
0.017	0.001	0.935	0.047
0.810	0.001	0.001	0.188
0.750	0.047	0.202	0.001
0.016	0.889	0.094	0.001
0.001	0.001	0.001	0.997
0.001	0.857	0.001	0.141
0.858	0.094	0.001	0.047
>CCACHACMAC	21-CCACHACMAC,BestGuess:Aef1/dmmpmm(Pollard)/fly(0.726)	7.663904	-47.939015	0	T:256.0(1.68%),B:234.0(0.71%),P:1e-20
0.139	0.757	0.015	0.089
0.073	0.615	0.162	0.150
0.703	0.058	0.071	0.168
0.128	0.663	0.119	0.090
0.372	0.379	0.001	0.247
0.654	0.043	0.103	0.200
0.055	0.932	0.001	0.012
0.457	0.324	0.068	0.151
0.693	0.117	0.099	0.091
0.115	0.805	0.069	0.011
>ACACGGTTAC	22-ACACGGTTAC,BestGuess:MA0126.1_ovo/Jaspar(0.695)	8.733532	-47.646783	0	T:93.0(0.61%),B:35.2(0.11%),P:1e-20
0.906	0.001	0.001	0.092
0.001	0.635	0.243	0.121
0.909	0.089	0.001	0.001
0.001	0.628	0.035	0.336
0.040	0.001	0.662	0.297
0.001	0.001	0.787	0.211
0.037	0.035	0.001	0.927
0.204	0.001	0.307	0.488
0.563	0.035	0.114	0.288
0.001	0.789	0.209	0.001
>TCGTGAAACGAG	20-TCGTGAAACGAG,BestGuess:MA0204.1_Six4/Jaspar(0.592)	10.409522	-44.332498	0	T:50.0(0.33%),B:5.3(0.02%),P:1e-19
0.100	0.100	0.100	0.700
0.100	0.700	0.100	0.100
0.100	0.100	0.700	0.100
0.100	0.100	0.100	0.700
0.100	0.100	0.700	0.100
0.700	0.100	0.100	0.100
0.700	0.100	0.100	0.100
0.700	0.100	0.100	0.100
0.100	0.700	0.100	0.100
0.100	0.100	0.700	0.100
0.700	0.100	0.100	0.100
0.100	0.100	0.700	0.100
>GGTTGTGACGTT	21-GGTTGTGACGTT,BestGuess:MF0002.1_bZIP_CREB/G-box-like_subclass/Jaspar(0.673)	10.557631	-43.665396	0	T:66.0(0.43%),B:16.6(0.05%),P:1e-18
0.036	0.108	0.820	0.036
0.217	0.001	0.746	0.036
0.001	0.001	0.001	0.997
0.001	0.061	0.001	0.937
0.071	0.143	0.785	0.001
0.001	0.072	0.001	0.926
0.036	0.251	0.712	0.001
0.746	0.036	0.001	0.217
0.036	0.820	0.036	0.108
0.001	0.001	0.855	0.143
0.001	0.071	0.001	0.927
0.001	0.107	0.036	0.856
>GTCTTCAGGGAC	22-GTCTTCAGGGAC,BestGuess:MA0026.1_Eip74EF/Jaspar(0.578)	9.297022	-40.425925	0	T:38.0(0.25%),B:1.3(0.00%),P:1e-17
0.240	0.001	0.758	0.001
0.001	0.001	0.001	0.997
0.001	0.965	0.001	0.033
0.001	0.001	0.001	0.997
0.001	0.001	0.001	0.997
0.001	0.997	0.001	0.001
0.997	0.001	0.001	0.001
0.001	0.001	0.997	0.001
0.033	0.001	0.965	0.001
0.033	0.001	0.965	0.001
0.965	0.001	0.033	0.001
0.001	0.861	0.001	0.137
>WTGGGCGAAACA	23-WTGGGCGAAACA,BestGuess:POL011.1_XCPE1/Jaspar(0.588)	10.595200	-39.930232	0	T:44.0(0.29%),B:5.0(0.02%),P:1e-17
0.566	0.001	0.001	0.432
0.205	0.001	0.095	0.699
0.001	0.001	0.997	0.001
0.070	0.001	0.928	0.001
0.001	0.001	0.997	0.001
0.001	0.772	0.001	0.226
0.001	0.205	0.793	0.001
0.772	0.226	0.001	0.001
0.997	0.001	0.001	0.001
0.997	0.001	0.001	0.001
0.001	0.793	0.001	0.205
0.793	0.205	0.001	0.001
>CCCCGA	16-CCCCGA,BestGuess:Deaf1/dmmpmm(Pollard)/fly(0.719)	1.655336	-29.669554	0	T:1482.0(9.73%),B:2537.0(7.72%),P:1e-12
0.001	0.991	0.001	0.007
0.001	0.768	0.001	0.230
0.001	0.997	0.001	0.001
0.001	0.997	0.001	0.001
0.001	0.001	0.997	0.001
0.801	0.001	0.197	0.001
>TGTCCCCCAG	24-TGTCCCCCAG,BestGuess:usp/dmmpmm(Bergman)/fly(0.617)	10.639820	-29.222720	0	T:40.0(0.26%),B:8.1(0.02%),P:1e-12
0.170	0.001	0.001	0.828
0.001	0.001	0.895	0.103
0.001	0.001	0.103	0.895
0.001	0.828	0.170	0.001
0.001	0.828	0.001	0.170
0.138	0.860	0.001	0.001
0.001	0.997	0.001	0.001
0.015	0.969	0.015	0.001
0.997	0.001	0.001	0.001
0.170	0.001	0.659	0.170
