MEME version4
ALPHABET= ACGT

MOTIF motif_Train1_9 9-GGCAACAACT 
letter-probability matrix: alength= 4 w= 10 nsites= 20 E= 1e-40 
0.046	0.03	0.923	0.001
0.001	0.001	0.997	0.001
0.029	0.808	0.041	0.122
0.968	0.001	0.001	0.03
0.997	0.001	0.001	0.001
0.001	0.989	0.001	0.009
0.997	0.001	0.001	0.001
0.931	0.012	0.001	0.056
0.001	0.969	0.001	0.029
0.001	0.001	0.029	0.969

MOTIF motif_Train8_5 7-ACGGCAACAACT 
letter-probability matrix: alength= 4 w= 12 nsites= 20 E= 1e-61 
0.981	0.017	0.001	0.001
0.001	0.997	0.001	0.001
0.044	0.001	0.954	0.001
0.001	0.009	0.954	0.036
0.027	0.854	0.001	0.118
0.997	0.001	0.001	0.001
0.99	0.001	0.008	0.001
0.009	0.981	0.009	0.001
0.99	0.008	0.001	0.001
0.945	0.001	0.045	0.009
0.001	0.963	0.009	0.027
0.001	0.008	0.001	0.99

MOTIF motif_Train5_9 10-CGGCAACAACTG 
letter-probability matrix: alength= 4 w= 12 nsites= 20 E= 1e-47 
0.01	0.988	0.001	0.001
0.055	0.001	0.933	0.011
0.033	0.001	0.911	0.055
0.022	0.945	0.011	0.022
0.997	0.001	0.001	0.001
0.997	0.001	0.001	0.001
0.001	0.988	0.01	0.001
0.997	0.001	0.001	0.001
0.957	0.011	0.031	0.001
0.001	0.988	0.001	0.01
0.001	0.022	0.011	0.966
0.011	0.001	0.977	0.011

MOTIF motif_Train2_9 10-GGYAACAACTKC 
letter-probability matrix: alength= 4 w= 12 nsites= 20 E= 1e-42 
0.119	0.001	0.879	0.001
0.001	0.001	0.944	0.054
0.084	0.4	0.001	0.515
0.997	0.001	0.001	0.001
0.997	0.001	0.001	0.001
0.001	0.996	0.002	0.001
0.957	0.001	0.041	0.001
0.951	0.001	0.006	0.042
0.001	0.915	0.001	0.083
0.042	0.084	0.001	0.873
0.042	0.052	0.523	0.383
0.001	0.957	0.001	0.041

MOTIF motif_Train9_13 14-CGGCAACAACTK 
letter-probability matrix: alength= 4 w= 12 nsites= 20 E= 1e-36 
0.137	0.658	0.204	0.001
0.1	0.068	0.761	0.071
0.072	0.036	0.89	0.002
0.068	0.897	0.034	0.001
0.828	0.068	0.103	0.001
0.963	0.001	0.035	0.001
0.001	0.761	0.204	0.034
0.963	0.001	0.035	0.001
0.965	0.033	0.001	0.001
0.001	0.896	0.068	0.035
0.24	0.001	0.034	0.725
0.001	0.155	0.492	0.352

