MEME version4
ALPHABET= ACGT

MOTIF motif_Train6_15 13-RSACGTGTTT 
letter-probability matrix: alength= 4 w= 10 nsites= 20 E= 1e-29 
0.51	0.082	0.369	0.039
0.176	0.445	0.364	0.014
0.863	0.042	0.066	0.029
0.294	0.61	0.037	0.059
0.05	0.203	0.7	0.047
0.176	0.036	0.126	0.662
0.058	0.06	0.854	0.028
0.145	0.238	0.168	0.449
0.146	0.041	0.321	0.492
0.022	0.183	0.309	0.485

MOTIF motif_Train9_9 10-ACACGTGTTT 
letter-probability matrix: alength= 4 w= 10 nsites= 20 E= 1e-41 
0.688	0.056	0.255	0.001
0.001	0.901	0.097	0.001
0.997	0.001	0.001	0.001
0.001	0.773	0.225	0.001
0.001	0.121	0.877	0.001
0.001	0.001	0.001	0.997
0.001	0.001	0.961	0.037
0.024	0.083	0.18	0.713
0.24	0.05	0.23	0.479
0.176	0.22	0.031	0.573

MOTIF motif_Train7_16 15-ACACGTGT 
letter-probability matrix: alength= 4 w= 8 nsites= 20 E= 1e-26 
0.818	0.094	0.087	0.001
0.001	0.869	0.129	0.001
0.997	0.001	0.001	0.001
0.001	0.997	0.001	0.001
0.001	0.001	0.997	0.001
0.001	0.001	0.001	0.997
0.001	0.001	0.997	0.001
0.001	0.093	0.202	0.704

MOTIF motif_Train1_14 15-ACACGTGTTT 
letter-probability matrix: alength= 4 w= 10 nsites= 20 E= 1e-26 
0.77	0.075	0.118	0.037
0.104	0.76	0.081	0.055
0.862	0.046	0.029	0.063
0.049	0.737	0.077	0.137
0.024	0.045	0.781	0.15
0.041	0.044	0.036	0.879
0.055	0.034	0.853	0.058
0.033	0.065	0.071	0.831
0.067	0.095	0.077	0.761
0.09	0.06	0.079	0.771

MOTIF motif_10_18 16-ACACGTGTTT 
letter-probability matrix: alength= 4 w= 10 nsites= 20 E= 1e-26 
0.525	0.232	0.242	0.001
0.08	0.816	0.001	0.103
0.997	0.001	0.001	0.001
0.001	0.997	0.001	0.001
0.001	0.073	0.925	0.001
0.043	0.001	0.078	0.878
0.001	0.001	0.925	0.073
0.052	0.005	0.209	0.734
0.056	0.033	0.201	0.71
0.001	0.146	0.068	0.785

MOTIF motif_Train4_25 16-CACGTG 
letter-probability matrix: alength= 4 w= 6 nsites= 20 E= 1e-16 
0.1	0.7	0.1	0.1
0.7	0.1	0.1	0.1
0.1	0.7	0.1	0.1
0.1	0.1	0.7	0.1
0.1	0.1	0.1	0.7
0.1	0.1	0.7	0.1

MOTIF motif_Train8_15 14-ACACGTGTTT 
letter-probability matrix: alength= 4 w= 10 nsites= 20 E= 1e-26 
0.739	0.077	0.122	0.062
0.058	0.786	0.086	0.07
0.845	0.032	0.053	0.07
0.038	0.802	0.087	0.073
0.051	0.054	0.786	0.109
0.044	0.051	0.044	0.861
0.062	0.05	0.841	0.047
0.048	0.049	0.079	0.824
0.047	0.08	0.119	0.754
0.095	0.074	0.065	0.766

MOTIF motif_Train5_14 13-CACGTGTT 
letter-probability matrix: alength= 4 w= 8 nsites= 20 E= 1e-30 
0.035	0.867	0.036	0.062
0.936	0.001	0.062	0.001
0.001	0.997	0.001	0.001
0.024	0.001	0.896	0.079
0.001	0.036	0.001	0.962
0.001	0.001	0.915	0.083
0.034	0.107	0.094	0.765
0.085	0.07	0.102	0.743

