MEME version4
ALPHABET= ACGT

MOTIF motif_Train2_7 8-GCATCTCCGACA 
letter-probability matrix: alength= 4 w= 12 nsites= 20 E= 1e-48 
0.001	0.001	0.989	0.009
0.001	0.707	0.092	0.2
0.989	0.001	0.009	0.001
0.001	0.009	0.001	0.989
0.001	0.997	0.001	0.001
0.019	0.001	0.001	0.979
0.001	0.989	0.001	0.009
0.001	0.989	0.001	0.009
0.01	0.01	0.97	0.01
0.989	0.001	0.001	0.009
0.001	0.997	0.001	0.001
0.962	0.036	0.001	0.001

MOTIF motif_Train3_7 10-ATCTCCGACA 
letter-probability matrix: alength= 4 w= 10 nsites= 20 E= 1e-50 
0.979	0.001	0.019	0.001
0.001	0.001	0.001	0.997
0.009	0.989	0.001	0.001
0.001	0.001	0.001	0.997
0.001	0.997	0.001	0.001
0.001	0.997	0.001	0.001
0.001	0.001	0.989	0.009
0.979	0.01	0.01	0.001
0.011	0.987	0.001	0.001
0.95	0.048	0.001	0.001

MOTIF motif_Train7_8 11-ATCTCCGACA 
letter-probability matrix: alength= 4 w= 10 nsites= 20 E= 1e-39 
0.997	0.001	0.001	0.001
0.011	0.001	0.001	0.987
0.001	0.997	0.001	0.001
0.001	0.001	0.001	0.997
0.001	0.987	0.011	0.001
0.001	0.997	0.001	0.001
0.001	0.012	0.975	0.012
0.981	0.006	0.001	0.012
0.001	0.997	0.001	0.001
0.965	0.033	0.001	0.001

MOTIF motif_Train8_6 8-AGCATCTCCGAC 
letter-probability matrix: alength= 4 w= 12 nsites= 20 E= 1e-55 
0.99	0.001	0.008	0.001
0.001	0.001	0.997	0.001
0.001	0.678	0.091	0.23
0.997	0.001	0.001	0.001
0.001	0.009	0.009	0.981
0.001	0.997	0.001	0.001
0.017	0.001	0.001	0.981
0.001	0.99	0.001	0.008
0.001	0.99	0.001	0.008
0.001	0.008	0.99	0.001
0.997	0.001	0.001	0.001
0.001	0.99	0.001	0.008

MOTIF motif_Train5_5 7-GCATCTCCGACA 
letter-probability matrix: alength= 4 w= 12 nsites= 20 E= 1e-62 
0.001	0.001	0.997	0.001
0.001	0.695	0.061	0.243
0.991	0.001	0.007	0.001
0.001	0.008	0.008	0.983
0.001	0.997	0.001	0.001
0.016	0.001	0.001	0.982
0.001	0.991	0.001	0.007
0.001	0.991	0.001	0.007
0.008	0.008	0.976	0.008
0.991	0.001	0.001	0.007
0.001	0.982	0.001	0.016
0.965	0.033	0.001	0.001

