MEME version4
ALPHABET= ACGT

MOTIF motif_Train7_18 19-CGTGAAACGAGG 
letter-probability matrix: alength= 4 w= 12 nsites= 20 E= 1e-24 
0.098	0.652	0.163	0.087
0.207	0.065	0.63	0.098
0.206	0.032	0.108	0.654
0.088	0.054	0.793	0.065
0.933	0.001	0.044	0.022
0.762	0.011	0.216	0.011
0.848	0.032	0.001	0.119
0.25	0.663	0.044	0.043
0.065	0.022	0.75	0.163
0.751	0.054	0.001	0.194
0.022	0.001	0.783	0.194
0.25	0.141	0.489	0.119

MOTIF motif_10_23 20-TCGTGAAACGAG 
letter-probability matrix: alength= 4 w= 12 nsites= 20 E= 1e-19 
0.1	0.1	0.1	0.7
0.1	0.7	0.1	0.1
0.1	0.1	0.7	0.1
0.1	0.1	0.1	0.7
0.1	0.1	0.7	0.1
0.7	0.1	0.1	0.1
0.7	0.1	0.1	0.1
0.7	0.1	0.1	0.1
0.1	0.7	0.1	0.1
0.1	0.1	0.7	0.1
0.7	0.1	0.1	0.1
0.1	0.1	0.7	0.1

MOTIF motif_Train1_15 17-TCGTGAAAMGAG 
letter-probability matrix: alength= 4 w= 12 nsites= 20 E= 1e-25 
0.001	0.001	0.001	0.997
0.001	0.796	0.116	0.087
0.019	0.001	0.896	0.084
0.168	0.001	0.001	0.83
0.086	0.001	0.912	0.001
0.997	0.001	0.001	0.001
0.997	0.001	0.001	0.001
0.575	0.001	0.001	0.423
0.43	0.568	0.001	0.001
0.171	0.001	0.825	0.003
0.659	0.001	0.084	0.256
0.001	0.001	0.997	0.001

MOTIF motif_Train8_19 19-TGAAACGAGG 
letter-probability matrix: alength= 4 w= 10 nsites= 20 E= 1e-21 
0.025	0.001	0.001	0.973
0.001	0.001	0.997	0.001
0.997	0.001	0.001	0.001
0.978	0.001	0.02	0.001
0.916	0.021	0.001	0.062
0.001	0.997	0.001	0.001
0.001	0.001	0.997	0.001
0.978	0.001	0.001	0.02
0.001	0.076	0.922	0.001
0.001	0.001	0.997	0.001

MOTIF motif_Train5_18 18-TGAAACGAGGTG 
letter-probability matrix: alength= 4 w= 12 nsites= 20 E= 1e-22 
0.101	0.05	0.05	0.799
0.001	0.001	0.997	0.001
0.949	0.001	0.001	0.049
0.865	0.05	0.001	0.084
0.849	0.001	0.05	0.1
0.049	0.949	0.001	0.001
0.331	0.001	0.607	0.061
0.899	0.05	0.001	0.05
0.05	0.086	0.814	0.05
0.09	0.05	0.605	0.255
0.255	0.157	0.13	0.458
0.059	0.151	0.713	0.077

MOTIF motif_Train6_18 15-TCGTGAAACGAG 
letter-probability matrix: alength= 4 w= 12 nsites= 20 E= 1e-24 
0.04	0.068	0.08	0.812
0.028	0.716	0.121	0.135
0.13	0.027	0.723	0.12
0.23	0.001	0.013	0.756
0.08	0.081	0.798	0.041
0.852	0.067	0.054	0.027
0.837	0.027	0.094	0.042
0.731	0.067	0.014	0.188
0.269	0.651	0.027	0.053
0.19	0.04	0.635	0.135
0.891	0.014	0.054	0.041
0.053	0.053	0.84	0.054

