MEME version4
ALPHABET= ACGT

MOTIF motif_Train3_10 12-CTGCAGHGCACT 
letter-probability matrix: alength= 4 w= 12 nsites= 20 E= 1e-36 
0.066	0.791	0.005	0.138
0.095	0.096	0.087	0.722
0.003	0.111	0.708	0.178
0.095	0.719	0.064	0.122
0.663	0.058	0.003	0.276
0.085	0.106	0.669	0.14
0.252	0.39	0.003	0.356
0.162	0.156	0.679	0.003
0.133	0.673	0.093	0.101
0.621	0.05	0.069	0.26
0.162	0.509	0.172	0.157
0.127	0.069	0.072	0.732

MOTIF motif_Train8_14 12-GCAGCGCACTAT 
letter-probability matrix: alength= 4 w= 12 nsites= 20 E= 1e-32 
0.001	0.001	0.974	0.024
0.001	0.997	0.001	0.001
0.908	0.036	0.001	0.055
0.001	0.036	0.908	0.055
0.037	0.618	0.018	0.327
0.037	0.055	0.89	0.018
0.018	0.946	0.018	0.018
0.742	0.001	0.018	0.239
0.038	0.851	0.018	0.093
0.037	0.037	0.018	0.908
0.509	0.146	0.235	0.11
0.11	0.075	0.055	0.76

MOTIF motif_Train4_9 10-CTGCAGCGCACT 
letter-probability matrix: alength= 4 w= 12 nsites= 20 E= 1e-43 
0.025	0.899	0.025	0.051
0.051	0.076	0.025	0.848
0.001	0.001	0.945	0.053
0.025	0.925	0.025	0.025
0.856	0.001	0.001	0.142
0.025	0.051	0.848	0.076
0.152	0.55	0.001	0.297
0.025	0.051	0.873	0.051
0.05	0.924	0.025	0.001
0.767	0.025	0.051	0.157
0.102	0.695	0.076	0.127
0.051	0.025	0.025	0.899

MOTIF motif_10_12 12-CTKCAGYGCACT 
letter-probability matrix: alength= 4 w= 12 nsites= 20 E= 1e-35 
0.011	0.583	0.097	0.309
0.094	0.029	0.06	0.817
0.011	0.02	0.552	0.417
0.026	0.8	0.097	0.077
0.546	0.08	0.017	0.357
0.066	0.194	0.623	0.117
0.051	0.512	0.003	0.434
0.057	0.109	0.503	0.331
0.12	0.84	0.034	0.006
0.572	0.04	0.057	0.331
0.163	0.437	0.16	0.24
0.077	0.094	0.051	0.778

MOTIF motif_Train5_19 19-CAGCGCACTATC 
letter-probability matrix: alength= 4 w= 12 nsites= 20 E= 1e-21 
0.021	0.915	0.021	0.043
0.977	0.001	0.021	0.001
0.001	0.085	0.893	0.021
0.001	0.956	0.001	0.042
0.043	0.097	0.775	0.085
0.021	0.904	0.021	0.054
0.765	0.021	0.001	0.213
0.065	0.859	0.012	0.064
0.085	0.064	0.043	0.808
0.665	0.13	0.15	0.055
0.085	0.106	0.043	0.766
0.085	0.732	0.001	0.182

