MEME version4
ALPHABET= ACGT

MOTIF motif_Train6_5 7-TCCGACACGGCA 
letter-probability matrix: alength= 4 w= 12 nsites= 20 E= 1e-64 
0.016	0.001	0.001	0.982
0.008	0.99	0.001	0.001
0.001	0.99	0.001	0.008
0.001	0.008	0.99	0.001
0.99	0.001	0.001	0.008
0.008	0.974	0.001	0.017
0.99	0.008	0.001	0.001
0.001	0.997	0.001	0.001
0.008	0.001	0.99	0.001
0.034	0.001	0.922	0.043
0.025	0.734	0.001	0.24
0.997	0.001	0.001	0.001

MOTIF motif_Train4_13 11-TCTCCGAC 
letter-probability matrix: alength= 4 w= 8 nsites= 20 E= 1e-36 
0.1	0.1	0.1	0.7
0.1	0.7	0.1	0.1
0.1	0.1	0.1	0.7
0.1	0.7	0.1	0.1
0.1	0.7	0.1	0.1
0.1	0.1	0.7	0.1
0.7	0.1	0.1	0.1
0.1	0.7	0.1	0.1

MOTIF motif_Train1_5 9-TCTCCGACACGG 
letter-probability matrix: alength= 4 w= 12 nsites= 20 E= 1e-58 
0.001	0.001	0.001	0.997
0.001	0.997	0.001	0.001
0.276	0.001	0.092	0.631
0.001	0.997	0.001	0.001
0.001	0.815	0.001	0.183
0.001	0.001	0.997	0.001
0.997	0.001	0.001	0.001
0.001	0.815	0.001	0.183
0.815	0.183	0.001	0.001
0.001	0.997	0.001	0.001
0.001	0.001	0.997	0.001
0.065	0.001	0.933	0.001

MOTIF motif_Train9_6 7-TCTCCGACACGA 
letter-probability matrix: alength= 4 w= 12 nsites= 20 E= 1e-51 
0.024	0.048	0.072	0.856
0.024	0.856	0.024	0.096
0.071	0.001	0.095	0.833
0.048	0.856	0.024	0.072
0.048	0.832	0.024	0.096
0.096	0.119	0.761	0.024
0.833	0.001	0.047	0.119
0.001	0.857	0.071	0.071
0.927	0.001	0.001	0.071
0.119	0.738	0.024	0.119
0.024	0.024	0.951	0.001
0.718	0.001	0.233	0.048

MOTIF motif_10_6 8-CTCCGACACGGC 
letter-probability matrix: alength= 4 w= 12 nsites= 20 E= 1e-54 
0.001	0.997	0.001	0.001
0.019	0.001	0.001	0.979
0.092	0.815	0.092	0.001
0.001	0.815	0.001	0.183
0.001	0.183	0.815	0.001
0.907	0.001	0.001	0.091
0.092	0.815	0.001	0.092
0.979	0.019	0.001	0.001
0.001	0.997	0.001	0.001
0.091	0.001	0.907	0.001
0.001	0.001	0.992	0.006
0.021	0.785	0.01	0.184

