MEME version4
ALPHABET= ACGT

MOTIF motif_Train7_19 17-TGACGTTT 
letter-probability matrix: alength= 4 w= 8 nsites= 20 E= 1e-21 
0.001	0.001	0.001	0.997
0.001	0.001	0.764	0.234
0.997	0.001	0.001	0.001
0.09	0.908	0.001	0.001
0.001	0.001	0.997	0.001
0.001	0.001	0.001	0.997
0.047	0.001	0.149	0.803
0.001	0.001	0.001	0.997

MOTIF motif_10_24 21-GGTTGTGACGTT 
letter-probability matrix: alength= 4 w= 12 nsites= 20 E= 1e-18 
0.036	0.108	0.82	0.036
0.217	0.001	0.746	0.036
0.001	0.001	0.001	0.997
0.001	0.061	0.001	0.937
0.071	0.143	0.785	0.001
0.001	0.072	0.001	0.926
0.036	0.251	0.712	0.001
0.746	0.036	0.001	0.217
0.036	0.82	0.036	0.108
0.001	0.001	0.855	0.143
0.001	0.071	0.001	0.927
0.001	0.107	0.036	0.856

MOTIF motif_Train6_21 17-GTTKTGACGTTT 
letter-probability matrix: alength= 4 w= 12 nsites= 20 E= 1e-22 
0.243	0.001	0.701	0.055
0.027	0.075	0.181	0.717
0.001	0.165	0.003	0.831
0.048	0.176	0.451	0.324
0.069	0.181	0.08	0.67
0.001	0.285	0.651	0.063
0.774	0.005	0.096	0.125
0.224	0.738	0.037	0.001
0.149	0.056	0.638	0.157
0.016	0.08	0.001	0.903
0.001	0.101	0.149	0.749
0.043	0.101	0.173	0.683

MOTIF motif_Train3_16 16-GTCGTGACGTTT 
letter-probability matrix: alength= 4 w= 12 nsites= 20 E= 1e-23 
0.109	0.061	0.77	0.06
0.036	0.085	0.048	0.831
0.097	0.754	0.06	0.089
0.036	0.084	0.783	0.097
0.036	0.036	0.06	0.868
0.133	0.06	0.759	0.048
0.844	0.048	0.024	0.084
0.036	0.867	0.024	0.073
0.036	0.024	0.904	0.036
0.012	0.072	0.048	0.868
0.012	0.024	0.084	0.88
0.036	0.024	0.048	0.892

MOTIF motif_Train2_15 18-TGGTCGTGACGT 
letter-probability matrix: alength= 4 w= 12 nsites= 20 E= 1e-21 
0.001	0.082	0.001	0.916
0.001	0.202	0.595	0.202
0.1	0.001	0.898	0.001
0.001	0.001	0.001	0.997
0.101	0.589	0.001	0.309
0.1	0.001	0.898	0.001
0.001	0.001	0.001	0.997
0.001	0.404	0.594	0.001
0.997	0.001	0.001	0.001
0.001	0.997	0.001	0.001
0.001	0.001	0.898	0.1
0.001	0.001	0.001	0.997

MOTIF motif_Train5_15 15-GGTYSTGACGTT 
letter-probability matrix: alength= 4 w= 12 nsites= 20 E= 1e-24 
0.001	0.001	0.997	0.001
0.17	0.001	0.828	0.001
0.001	0.001	0.001	0.997
0.001	0.524	0.001	0.474
0.17	0.379	0.45	0.001
0.001	0.001	0.001	0.997
0.171	0.171	0.657	0.001
0.961	0.037	0.001	0.001
0.038	0.791	0.001	0.17
0.001	0.001	0.997	0.001
0.001	0.001	0.001	0.997
0.001	0.001	0.001	0.997

MOTIF motif_Train9_18 19-TGACGTTT 
letter-probability matrix: alength= 4 w= 8 nsites= 20 E= 1e-19 
0.087	0.001	0.001	0.911
0.001	0.001	0.863	0.135
0.997	0.001	0.001	0.001
0.001	0.997	0.001	0.001
0.001	0.001	0.997	0.001
0.001	0.001	0.094	0.904
0.001	0.001	0.196	0.802
0.062	0.001	0.001	0.936

