MEME version4
ALPHABET= ACGT

MOTIF motif_Train5_16 16-TTCAHAACTCRT 
letter-probability matrix: alength= 4 w= 12 nsites= 20 E= 1e-24 
0.082	0.001	0.075	0.842
0.001	0.13	0.025	0.844
0.001	0.822	0.1	0.077
0.924	0.001	0.074	0.001
0.31	0.386	0.053	0.251
0.641	0.001	0.001	0.357
0.695	0.303	0.001	0.001
0.05	0.899	0.001	0.05
0.334	0.001	0.051	0.614
0.075	0.899	0.001	0.025
0.484	0.075	0.363	0.078
0.025	0.076	0.001	0.898

MOTIF motif_Train4_24 22-TTCAGAACTCAT 
letter-probability matrix: alength= 4 w= 12 nsites= 20 E= 1e-17 
0.07	0.081	0.038	0.811
0.001	0.012	0.062	0.925
0.037	0.796	0.025	0.142
0.827	0.069	0.001	0.103
0.256	0.116	0.562	0.066
0.825	0.068	0.001	0.106
0.633	0.107	0.175	0.085
0.185	0.506	0.091	0.218
0.135	0.126	0.081	0.658
0.079	0.747	0.069	0.105
0.694	0.05	0.094	0.162
0.001	0.123	0.041	0.835

MOTIF motif_Train1_18 20-TTCAAACCTCAT 
letter-probability matrix: alength= 4 w= 12 nsites= 20 E= 1e-19 
0.001	0.001	0.001	0.997
0.145	0.001	0.001	0.853
0.001	0.997	0.001	0.001
0.997	0.001	0.001	0.001
0.853	0.001	0.001	0.145
0.853	0.001	0.001	0.145
0.202	0.729	0.068	0.001
0.001	0.997	0.001	0.001
0.001	0.001	0.29	0.708
0.001	0.997	0.001	0.001
0.853	0.001	0.001	0.145
0.001	0.001	0.001	0.997

MOTIF motif_10_20 20-TCAGAACTCA 
letter-probability matrix: alength= 4 w= 10 nsites= 20 E= 1e-22 
0.001	0.001	0.001	0.997
0.001	0.905	0.047	0.047
0.928	0.049	0.001	0.022
0.017	0.001	0.935	0.047
0.81	0.001	0.001	0.188
0.75	0.047	0.202	0.001
0.016	0.889	0.094	0.001
0.001	0.001	0.001	0.997
0.001	0.857	0.001	0.141
0.858	0.094	0.001	0.047

MOTIF motif_Train6_22 18-TTCAGAACTCAT 
letter-probability matrix: alength= 4 w= 12 nsites= 20 E= 1e-21 
0.001	0.136	0.001	0.862
0.001	0.001	0.091	0.907
0.001	0.769	0.092	0.138
0.997	0.001	0.001	0.001
0.15	0.137	0.712	0.001
0.679	0.137	0.001	0.183
0.697	0.141	0.116	0.046
0.001	0.77	0.001	0.228
0.001	0.02	0.045	0.934
0.091	0.671	0.05	0.188
0.997	0.001	0.001	0.001
0.001	0.001	0.001	0.997

