MEME version 4
ALPHABET= ACGT

MOTIF motif_Train9_19 20-GTAGGCTATGGT 
letter-probability matrix: alength= 4 w= 12 nsites= 20 E= 1e-19 
0.055	0.054	0.863	0.028
0.001	0.001	0.276	0.722
0.476	0.081	0.165	0.278
0.083	0.001	0.915	0.001
0.028	0.001	0.582	0.389
0.001	0.997	0.001	0.001
0.027	0.249	0.055	0.669
0.447	0.277	0.001	0.275
0.001	0.026	0.001	0.972
0.001	0.082	0.89	0.027
0.306	0.082	0.528	0.084
0.167	0.112	0.109	0.612

MOTIF motif_Train5_19 19-CAGCGCACTATC 
letter-probability matrix: alength= 4 w= 12 nsites= 20 E= 1e-21 
0.021	0.915	0.021	0.043
0.977	0.001	0.021	0.001
0.001	0.085	0.893	0.021
0.001	0.956	0.001	0.042
0.043	0.097	0.775	0.085
0.021	0.904	0.021	0.054
0.765	0.021	0.001	0.213
0.065	0.859	0.012	0.064
0.085	0.064	0.043	0.808
0.665	0.13	0.15	0.055
0.085	0.106	0.043	0.766
0.085	0.732	0.001	0.182

MOTIF motif_Train1_19 22-GTCTTCAGGGAC 
letter-probability matrix: alength= 4 w= 12 nsites= 20 E= 1e-15 
0.001	0.001	0.997	0.001
0.001	0.001	0.001	0.997
0.001	0.997	0.001	0.001
0.001	0.001	0.001	0.997
0.001	0.001	0.001	0.997
0.001	0.997	0.001	0.001
0.997	0.001	0.001	0.001
0.203	0.001	0.795	0.001
0.011	0.001	0.987	0.001
0.001	0.001	0.997	0.001
0.591	0.204	0.204	0.001
0.001	0.585	0.001	0.413

MOTIF motif_Train6_1 1-GTATAAAARNNV 
letter-probability matrix: alength= 4 w= 12 nsites= 20 E= 1e-299 
0.211	0.278	0.441	0.07
0.001	0.001	0.001	0.997
0.997	0.001	0.001	0.001
0.001	0.001	0.001	0.997
0.997	0.001	0.001	0.001
0.624	0.001	0.001	0.374
0.997	0.001	0.001	0.001
0.657	0.001	0.001	0.341
0.37	0.143	0.319	0.168
0.215	0.294	0.31	0.181
0.242	0.271	0.287	0.199
0.249	0.247	0.37	0.135

MOTIF motif_Train2_18 22-AATGGGCGAAAC 
letter-probability matrix: alength= 4 w= 12 nsites= 20 E= 1e-15 
0.911	0.029	0.059	0.001
0.852	0.059	0.088	0.001
0.062	0.059	0.06	0.819
0.118	0.001	0.793	0.088
0.066	0.001	0.904	0.029
0.089	0.03	0.763	0.118
0.03	0.909	0.03	0.031
0.119	0.059	0.821	0.001
0.615	0.266	0.089	0.03
0.969	0.001	0.001	0.029
0.793	0.059	0.089	0.059
0.059	0.881	0.059	0.001

MOTIF motif_Train7_1 1-GTATAAAAAVVS 
letter-probability matrix: alength= 4 w= 12 nsites= 20 E= 1e-308 
0.253	0.257	0.424	0.066
0.033	0.055	0.052	0.86
0.919	0.004	0.004	0.073
0.018	0.004	0.037	0.941
0.952	0.007	0.001	0.04
0.651	0.001	0.047	0.301
0.989	0.001	0.007	0.003
0.69	0.015	0.102	0.193
0.479	0.083	0.317	0.121
0.226	0.259	0.356	0.16
0.25	0.264	0.352	0.134
0.209	0.268	0.38	0.143

MOTIF motif_Train3_19 22-TGAAACGAGA 
letter-probability matrix: alength= 4 w= 10 nsites= 20 E= 1e-18 
0.001	0.001	0.001	0.997
0.008	0.001	0.935	0.056
0.94	0.058	0.001	0.001
0.59	0.077	0.247	0.086
0.9	0.001	0.038	0.061
0.001	0.99	0.008	0.001
0.001	0.23	0.768	0.001
0.884	0.001	0.077	0.038
0.006	0.008	0.982	0.004
0.633	0.001	0.032	0.334

MOTIF motif_Train8_2 1-GTATAAAARSVG 
letter-probability matrix: alength= 4 w= 12 nsites= 20 E= 1e-300 
0.238	0.188	0.489	0.085
0.023	0.001	0.033	0.943
0.883	0.019	0.042	0.056
0.012	0.019	0.028	0.941
0.967	0.005	0.019	0.009
0.732	0.009	0.033	0.226
0.929	0.014	0.052	0.005
0.822	0.009	0.075	0.094
0.395	0.085	0.441	0.08
0.212	0.291	0.393	0.103
0.256	0.241	0.39	0.113
0.227	0.23	0.449	0.094

MOTIF motif_Train4_19 14-ACCATGGA 
letter-probability matrix: alength= 4 w= 8 nsites= 20 E= 1e-24 
0.997	0.001	0.001	0.001
0.145	0.853	0.001	0.001
0.001	0.997	0.001	0.001
0.997	0.001	0.001	0.001
0.001	0.001	0.001	0.997
0.001	0.001	0.997	0.001
0.09	0.001	0.908	0.001
0.944	0.054	0.001	0.001

MOTIF motif_10_1 1-RTATAAAAASVS 
letter-probability matrix: alength= 4 w= 12 nsites= 20 E= 1e-301 
0.276	0.233	0.414	0.077
0.019	0.034	0.046	0.901
0.846	0.008	0.054	0.092
0.027	0.008	0.042	0.923
0.997	0.001	0.001	0.001
0.719	0.001	0.046	0.234
0.988	0.001	0.01	0.001
0.648	0.015	0.096	0.241
0.463	0.107	0.307	0.123
0.2	0.291	0.372	0.137
0.306	0.268	0.31	0.115
0.215	0.245	0.379	0.161