MEME version 4
ALPHABET= ACGT

MOTIF motif_Train5_4 5-CAAGATGGCG 
letter-probability matrix: alength= 4 w= 10 nsites= 20 E= 1e-88 
0.233	0.533	0.099	0.135
0.612	0.132	0.024	0.232
0.969	0.018	0.001	0.012
0.163	0.154	0.623	0.06
0.896	0.012	0.091	0.001
0.012	0.01	0.071	0.907
0.064	0.047	0.853	0.036
0.106	0.007	0.791	0.096
0.127	0.739	0.024	0.11
0.067	0.156	0.567	0.21

MOTIF motif_Train9_5 7-WAGATGGCKS 
letter-probability matrix: alength= 4 w= 10 nsites= 20 E= 1e-89 
0.403	0.204	0.138	0.254
0.758	0.085	0.001	0.156
0.241	0.19	0.475	0.094
0.711	0.001	0.169	0.119
0.038	0.006	0.005	0.951
0.055	0.031	0.913	0.001
0.004	0.001	0.721	0.274
0.152	0.693	0.002	0.153
0.164	0.105	0.424	0.307
0.188	0.236	0.366	0.211

MOTIF motif_Train2_5 8-CWAGATGGCG 
letter-probability matrix: alength= 4 w= 10 nsites= 20 E= 1e-84 
0.227	0.497	0.142	0.134
0.425	0.239	0.009	0.328
0.901	0.06	0.014	0.025
0.174	0.1	0.652	0.074
0.78	0.009	0.168	0.043
0.074	0.014	0.095	0.817
0.046	0.006	0.926	0.022
0.087	0.032	0.749	0.132
0.098	0.796	0.025	0.081
0.109	0.079	0.615	0.197

MOTIF motif_Train1_4 6-MWAGATGGCK 
letter-probability matrix: alength= 4 w= 10 nsites= 20 E= 1e-89 
0.484	0.404	0.068	0.043
0.452	0.14	0.019	0.389
0.997	0.001	0.001	0.001
0.156	0.145	0.622	0.077
0.841	0.001	0.157	0.001
0.018	0.001	0.042	0.939
0.001	0.001	0.997	0.001
0.021	0.001	0.866	0.112
0.023	0.852	0.009	0.116
0.096	0.055	0.448	0.401

MOTIF motif_Train6_4 6-CRMYAGATGGCG 
letter-probability matrix: alength= 4 w= 12 nsites= 20 E= 1e-82 
0.192	0.54	0.014	0.254
0.392	0.154	0.33	0.125
0.347	0.421	0.154	0.079
0.204	0.421	0.007	0.369
0.997	0.001	0.001	0.001
0.001	0.001	0.997	0.001
0.676	0.001	0.322	0.001
0.001	0.001	0.178	0.82
0.126	0.001	0.872	0.001
0.217	0.001	0.611	0.171
0.071	0.81	0.001	0.118
0.208	0.043	0.517	0.232

MOTIF motif_Train3_4 6-WAGATGGCKN 
letter-probability matrix: alength= 4 w= 10 nsites= 20 E= 1e-86 
0.407	0.242	0.024	0.326
0.957	0.017	0.01	0.016
0.202	0.167	0.492	0.139
0.622	0.029	0.321	0.028
0.012	0.023	0.237	0.728
0.013	0.025	0.941	0.021
0.046	0.025	0.673	0.256
0.208	0.73	0.012	0.05
0.153	0.167	0.352	0.327
0.2	0.231	0.32	0.249

MOTIF motif_Train7_4 7-AGATGGCKGY 
letter-probability matrix: alength= 4 w= 10 nsites= 20 E= 1e-104 
0.942	0.037	0.001	0.02
0.276	0.123	0.558	0.043
0.887	0.001	0.07	0.042
0.038	0.018	0.147	0.797
0.061	0.001	0.905	0.033
0.001	0.006	0.863	0.13
0.007	0.949	0.007	0.037
0.182	0.076	0.427	0.314
0.14	0.169	0.467	0.224
0.142	0.383	0.077	0.399

MOTIF motif_Train4_5 8-CMAGATGGCG 
letter-probability matrix: alength= 4 w= 10 nsites= 20 E= 1e-95 
0.265	0.436	0.086	0.213
0.433	0.306	0.001	0.261
0.997	0.001	0.001	0.001
0.167	0.242	0.508	0.083
0.844	0.001	0.154	0.001
0.01	0.001	0.153	0.836
0.087	0.001	0.911	0.001
0.001	0.001	0.845	0.153
0.066	0.719	0.001	0.214
0.121	0.118	0.47	0.29

MOTIF motif_10_5 5-CRCTAGATGGCG 
letter-probability matrix: alength= 4 w= 12 nsites= 20 E= 1e-96 
0.059	0.706	0.058	0.177
0.417	0.138	0.379	0.066
0.313	0.556	0.08	0.051
0.16	0.298	0.044	0.498
0.97	0.028	0.001	0.001
0.014	0.014	0.971	0.001
0.673	0.015	0.276	0.036
0.029	0.001	0.065	0.905
0.115	0.001	0.87	0.014
0.066	0.029	0.721	0.184
0.043	0.862	0.001	0.094
0.161	0.029	0.686	0.124

MOTIF motif_Train8_4 6-AAGATGGCGG 
letter-probability matrix: alength= 4 w= 10 nsites= 20 E= 1e-92 
0.514	0.072	0.145	0.269
0.864	0.032	0.004	0.1
0.21	0.097	0.643	0.05
0.871	0.004	0.121	0.004
0.041	0.001	0.059	0.899
0.024	0.036	0.929	0.011
0.018	0.039	0.803	0.14
0.053	0.811	0.01	0.126
0.075	0.098	0.591	0.236
0.147	0.109	0.511	0.233