MEME version 4
ALPHABET= ACGT

MOTIF motif_Train9_2 1-KTCAGTCG 
letter-probability matrix: alength= 4 w= 8 nsites= 20 E= 1e-262 
0.189	0.177	0.268	0.366
0.027	0.064	0.291	0.618
0.001	0.881	0.001	0.117
0.963	0.001	0.017	0.019
0.001	0.001	0.976	0.022
0.246	0.028	0.055	0.671
0.034	0.666	0.001	0.299
0.039	0.133	0.708	0.12

MOTIF motif_Train5_23 22-AATRAGCAAAAC 
letter-probability matrix: alength= 4 w= 12 nsites= 20 E= 1e-15 
0.886	0.001	0.112	0.001
0.997	0.001	0.001	0.001
0.053	0.113	0.015	0.819
0.494	0.001	0.504	0.001
0.6	0.001	0.398	0.001
0.001	0.113	0.876	0.01
0.001	0.76	0.001	0.238
0.597	0.001	0.401	0.001
0.989	0.009	0.001	0.001
0.997	0.001	0.001	0.001
0.651	0.001	0.235	0.113
0.001	0.773	0.225	0.001

MOTIF motif_Train6_2 1-NRTCAGTCGH 
letter-probability matrix: alength= 4 w= 10 nsites= 20 E= 1e-284 
0.225	0.293	0.202	0.28
0.354	0.181	0.277	0.187
0.085	0.095	0.261	0.559
0.032	0.966	0.001	0.001
0.997	0.001	0.001	0.001
0.001	0.001	0.997	0.001
0.221	0.001	0.001	0.777
0.053	0.71	0.001	0.236
0.089	0.087	0.513	0.311
0.264	0.223	0.177	0.337

MOTIF motif_Train1_2 1-NNKCAGTYDN 
letter-probability matrix: alength= 4 w= 10 nsites= 20 E= 1e-283 
0.245	0.261	0.226	0.268
0.288	0.199	0.281	0.232
0.192	0.162	0.284	0.361
0.001	0.997	0.001	0.001
0.976	0.001	0.001	0.022
0.001	0.001	0.826	0.172
0.398	0.001	0.001	0.6
0.267	0.434	0.001	0.298
0.257	0.155	0.332	0.255
0.266	0.227	0.259	0.248

MOTIF motif_Train2_2 1-DTCAGTCG 
letter-probability matrix: alength= 4 w= 8 nsites= 20 E= 1e-293 
0.224	0.17	0.351	0.254
0.001	0.001	0.257	0.741
0.001	0.997	0.001	0.001
0.997	0.001	0.001	0.001
0.001	0.001	0.997	0.001
0.257	0.001	0.001	0.741
0.037	0.589	0.001	0.373
0.038	0.045	0.84	0.077

MOTIF motif_Train7_2 1-TCAGTCVB 
letter-probability matrix: alength= 4 w= 8 nsites= 20 E= 1e-298 
0.068	0.11	0.295	0.527
0.001	0.765	0.001	0.233
0.916	0.001	0.082	0.001
0.001	0.109	0.703	0.187
0.313	0.001	0.001	0.685
0.169	0.621	0.001	0.209
0.268	0.239	0.366	0.127
0.181	0.218	0.333	0.268

MOTIF motif_Train3_22 23-GACGCAGCAG 
letter-probability matrix: alength= 4 w= 10 nsites= 20 E= 1e-15 
0.001	0.001	0.997	0.001
0.997	0.001	0.001	0.001
0.001	0.997	0.001	0.001
0.001	0.001	0.997	0.001
0.001	0.95	0.017	0.032
0.997	0.001	0.001	0.001
0.001	0.001	0.997	0.001
0.001	0.997	0.001	0.001
0.903	0.032	0.001	0.064
0.001	0.001	0.997	0.001

MOTIF motif_Train8_1 1-NNKCAGTYGN 
letter-probability matrix: alength= 4 w= 10 nsites= 20 E= 1e-308 
0.272	0.265	0.209	0.254
0.303	0.173	0.244	0.28
0.164	0.211	0.242	0.382
0.188	0.81	0.001	0.001
0.997	0.001	0.001	0.001
0.019	0.13	0.82	0.031
0.334	0.077	0.001	0.588
0.137	0.49	0.001	0.372
0.15	0.182	0.456	0.212
0.237	0.218	0.237	0.307

MOTIF motif_10_2 1-NNKCAGTCGN 
letter-probability matrix: alength= 4 w= 10 nsites= 20 E= 1e-283 
0.27	0.26	0.22	0.249
0.309	0.173	0.244	0.274
0.032	0.096	0.378	0.495
0.001	0.938	0.001	0.06
0.976	0.001	0.022	0.001
0.001	0.001	0.925	0.073
0.229	0.001	0.001	0.769
0.062	0.615	0.001	0.322
0.144	0.176	0.499	0.181
0.267	0.225	0.23	0.277

MOTIF motif_Train4_25 16-CACGTG 
letter-probability matrix: alength= 4 w= 6 nsites= 20 E= 1e-16 
0.1	0.7	0.1	0.1
0.7	0.1	0.1	0.1
0.1	0.7	0.1	0.1
0.1	0.1	0.7	0.1
0.1	0.1	0.1	0.7
0.1	0.1	0.7	0.1