MEME version 4
ALPHABET= ACGT

MOTIF motif_Train9_1 1-VTATAAAARNNN 
letter-probability matrix: alength= 4 w= 12 nsites= 20 E= 1e-272 
0.348	0.311	0.279	0.063
0.001	0.006	0.001	0.992
0.973	0.001	0.001	0.025
0.019	0.001	0.001	0.979
0.997	0.001	0.001	0.001
0.629	0.001	0.001	0.369
0.997	0.001	0.001	0.001
0.559	0.001	0.178	0.262
0.364	0.122	0.334	0.18
0.263	0.265	0.307	0.165
0.308	0.272	0.253	0.168
0.273	0.236	0.296	0.195

MOTIF motif_Train5_1 1-VTATAAAARSVR 
letter-probability matrix: alength= 4 w= 12 nsites= 20 E= 1e-294 
0.264	0.261	0.38	0.095
0.011	0.001	0.001	0.987
0.974	0.001	0.001	0.024
0.001	0.001	0.001	0.997
0.997	0.001	0.001	0.001
0.586	0.001	0.001	0.412
0.997	0.001	0.001	0.001
0.871	0.001	0.001	0.127
0.406	0.102	0.388	0.104
0.215	0.313	0.397	0.074
0.239	0.329	0.263	0.169
0.296	0.205	0.366	0.133

MOTIF motif_Train1_1 1-VTATAAAARNNN 
letter-probability matrix: alength= 4 w= 12 nsites= 20 E= 1e-284 
0.333	0.302	0.311	0.054
0.001	0.001	0.001	0.997
0.965	0.001	0.001	0.033
0.003	0.001	0.001	0.995
0.995	0.001	0.001	0.003
0.624	0.001	0.001	0.374
0.997	0.001	0.001	0.001
0.59	0.001	0.186	0.223
0.371	0.122	0.347	0.16
0.24	0.29	0.29	0.181
0.268	0.279	0.277	0.175
0.281	0.26	0.277	0.182

MOTIF motif_Train6_1 1-GTATAAAARNNV 
letter-probability matrix: alength= 4 w= 12 nsites= 20 E= 1e-299 
0.211	0.278	0.441	0.07
0.001	0.001	0.001	0.997
0.997	0.001	0.001	0.001
0.001	0.001	0.001	0.997
0.997	0.001	0.001	0.001
0.624	0.001	0.001	0.374
0.997	0.001	0.001	0.001
0.657	0.001	0.001	0.341
0.37	0.143	0.319	0.168
0.215	0.294	0.31	0.181
0.242	0.271	0.287	0.199
0.249	0.247	0.37	0.135

MOTIF motif_Train2_1 1-GTATAAAAGG 
letter-probability matrix: alength= 4 w= 10 nsites= 20 E= 1e-307 
0.192	0.115	0.642	0.051
0.001	0.011	0.016	0.972
0.922	0.014	0.017	0.047
0.014	0.008	0.013	0.965
0.954	0.016	0.006	0.024
0.675	0.011	0.015	0.299
0.951	0.017	0.021	0.011
0.803	0.029	0.046	0.122
0.329	0.052	0.539	0.08
0.154	0.224	0.581	0.041

MOTIF motif_Train7_1 1-GTATAAAAAVVS 
letter-probability matrix: alength= 4 w= 12 nsites= 20 E= 1e-308 
0.253	0.257	0.424	0.066
0.033	0.055	0.052	0.86
0.919	0.004	0.004	0.073
0.018	0.004	0.037	0.941
0.952	0.007	0.001	0.04
0.651	0.001	0.047	0.301
0.989	0.001	0.007	0.003
0.69	0.015	0.102	0.193
0.479	0.083	0.317	0.121
0.226	0.259	0.356	0.16
0.25	0.264	0.352	0.134
0.209	0.268	0.38	0.143

MOTIF motif_Train3_1 1-GTATAAAAASVV 
letter-probability matrix: alength= 4 w= 12 nsites= 20 E= 1e-301 
0.219	0.254	0.455	0.072
0.016	0.056	0.044	0.884
0.884	0.009	0.004	0.103
0.004	0.008	0.04	0.948
0.976	0.008	0.004	0.012
0.667	0.001	0.043	0.289
0.976	0.004	0.016	0.004
0.679	0.001	0.083	0.237
0.458	0.115	0.295	0.131
0.195	0.259	0.373	0.172
0.29	0.219	0.347	0.144
0.229	0.253	0.37	0.147

MOTIF motif_Train8_2 1-GTATAAAARSVG 
letter-probability matrix: alength= 4 w= 12 nsites= 20 E= 1e-300 
0.238	0.188	0.489	0.085
0.023	0.001	0.033	0.943
0.883	0.019	0.042	0.056
0.012	0.019	0.028	0.941
0.967	0.005	0.019	0.009
0.732	0.009	0.033	0.226
0.929	0.014	0.052	0.005
0.822	0.009	0.075	0.094
0.395	0.085	0.441	0.08
0.212	0.291	0.393	0.103
0.256	0.241	0.39	0.113
0.227	0.23	0.449	0.094

MOTIF motif_Train4_1 1-GTATAAAARVVG 
letter-probability matrix: alength= 4 w= 12 nsites= 20 E= 1e-308 
0.221	0.263	0.445	0.071
0.001	0.001	0.004	0.994
0.997	0.001	0.001	0.001
0.004	0.001	0.001	0.994
0.997	0.001	0.001	0.001
0.66	0.001	0.005	0.334
0.997	0.001	0.001	0.001
0.845	0.001	0.011	0.143
0.422	0.087	0.415	0.076
0.231	0.309	0.356	0.104
0.247	0.342	0.296	0.115
0.221	0.231	0.396	0.152

MOTIF motif_10_1 1-RTATAAAAASVS 
letter-probability matrix: alength= 4 w= 12 nsites= 20 E= 1e-301 
0.276	0.233	0.414	0.077
0.019	0.034	0.046	0.901
0.846	0.008	0.054	0.092
0.027	0.008	0.042	0.923
0.997	0.001	0.001	0.001
0.719	0.001	0.046	0.234
0.988	0.001	0.01	0.001
0.648	0.015	0.096	0.241
0.463	0.107	0.307	0.123
0.2	0.291	0.372	0.137
0.306	0.268	0.31	0.115
0.215	0.245	0.379	0.161