MEME version 4
ALPHABET= ACGT

MOTIF motif_Train4_11 12-GAGAAAAGGCGA 
letter-probability matrix: alength= 4 w= 12 nsites= 20 E= 1e-40 
0.001	0.001	0.997	0.001
0.985	0.001	0.013	0.001
0.001	0.001	0.997	0.001
0.997	0.001	0.001	0.001
0.997	0.001	0.001	0.001
0.973	0.013	0.001	0.013
0.997	0.001	0.001	0.001
0.014	0.014	0.958	0.014
0.001	0.001	0.774	0.224
0.001	0.958	0.001	0.04
0.014	0.122	0.823	0.041
0.958	0.001	0.001	0.04

MOTIF motif_Train1_11 13-GAGAAAAGGCGA 
letter-probability matrix: alength= 4 w= 12 nsites= 20 E= 1e-38 
0.001	0.001	0.997	0.001
0.986	0.001	0.012	0.001
0.001	0.001	0.997	0.001
0.986	0.012	0.001	0.001
0.997	0.001	0.001	0.001
0.973	0.013	0.001	0.013
0.997	0.001	0.001	0.001
0.013	0.013	0.961	0.013
0.001	0.001	0.718	0.28
0.001	0.96	0.001	0.038
0.013	0.131	0.83	0.026
0.96	0.001	0.001	0.038

MOTIF motif_Train9_10 11-AGAGAAAAGGCG 
letter-probability matrix: alength= 4 w= 12 nsites= 20 E= 1e-40 
0.987	0.011	0.001	0.001
0.001	0.001	0.997	0.001
0.987	0.011	0.001	0.001
0.012	0.012	0.975	0.001
0.997	0.001	0.001	0.001
0.997	0.001	0.001	0.001
0.987	0.001	0.001	0.011
0.997	0.001	0.001	0.001
0.024	0.001	0.974	0.001
0.001	0.001	0.704	0.294
0.001	0.974	0.001	0.024
0.037	0.111	0.803	0.049

MOTIF motif_Train7_10 11-AGAGAAAAGTCG 
letter-probability matrix: alength= 4 w= 12 nsites= 20 E= 1e-33 
0.994	0.004	0.001	0.001
0.001	0.001	0.997	0.001
0.81	0.005	0.184	0.001
0.047	0.001	0.86	0.092
0.997	0.001	0.001	0.001
0.907	0.001	0.001	0.091
0.902	0.001	0.001	0.096
0.907	0.001	0.001	0.091
0.001	0.092	0.904	0.003
0.092	0.001	0.301	0.606
0.092	0.712	0.001	0.195
0.001	0.137	0.676	0.186

MOTIF motif_Train6_11 12-GAGAAAAGGYKA 
letter-probability matrix: alength= 4 w= 12 nsites= 20 E= 1e-38 
0.071	0.001	0.927	0.001
0.985	0.005	0.009	0.001
0.01	0.005	0.912	0.073
0.638	0.001	0.36	0.001
0.997	0.001	0.001	0.001
0.984	0.014	0.001	0.001
0.85	0.072	0.001	0.077
0.001	0.015	0.979	0.005
0.077	0.001	0.67	0.252
0.145	0.483	0.001	0.371
0.001	0.226	0.33	0.442
0.839	0.001	0.001	0.159

MOTIF motif_Train3_11 13-GAGAAAAGGCGA 
letter-probability matrix: alength= 4 w= 12 nsites= 20 E= 1e-36 
0.006	0.001	0.992	0.001
0.986	0.001	0.012	0.001
0.001	0.012	0.986	0.001
0.986	0.012	0.001	0.001
0.997	0.001	0.001	0.001
0.975	0.012	0.001	0.012
0.997	0.001	0.001	0.001
0.013	0.013	0.961	0.013
0.012	0.001	0.729	0.258
0.001	0.961	0.001	0.037
0.013	0.103	0.871	0.013
0.961	0.001	0.001	0.037

MOTIF motif_10_11 11-AGAGAAAAGGCG 
letter-probability matrix: alength= 4 w= 12 nsites= 20 E= 1e-36 
0.906	0.092	0.001	0.001
0.092	0.001	0.906	0.001
0.906	0.092	0.001	0.001
0.093	0.093	0.813	0.001
0.997	0.001	0.001	0.001
0.997	0.001	0.001	0.001
0.906	0.001	0.001	0.092
0.997	0.001	0.001	0.001
0.114	0.001	0.875	0.01
0.001	0.001	0.731	0.267
0.001	0.712	0.001	0.286
0.021	0.095	0.883	0.001

MOTIF motif_Train8_10 11-GAGAAAAGGCGA 
letter-probability matrix: alength= 4 w= 12 nsites= 20 E= 1e-36 
0.001	0.001	0.997	0.001
0.986	0.001	0.012	0.001
0.013	0.013	0.973	0.001
0.986	0.012	0.001	0.001
0.997	0.001	0.001	0.001
0.973	0.013	0.001	0.013
0.997	0.001	0.001	0.001
0.013	0.001	0.973	0.013
0.001	0.001	0.695	0.303
0.001	0.986	0.001	0.012
0.007	0.067	0.9	0.026
0.947	0.001	0.001	0.051

MOTIF motif_Train5_10 11-AGAGAAAAGGCG 
letter-probability matrix: alength= 4 w= 12 nsites= 20 E= 1e-41 
0.987	0.011	0.001	0.001
0.011	0.001	0.987	0.001
0.987	0.011	0.001	0.001
0.012	0.012	0.975	0.001
0.997	0.001	0.001	0.001
0.997	0.001	0.001	0.001
0.987	0.001	0.001	0.011
0.997	0.001	0.001	0.001
0.025	0.001	0.962	0.012
0.001	0.001	0.754	0.244
0.001	0.962	0.001	0.036
0.037	0.091	0.822	0.05

MOTIF motif_Train2_10 12-AGAGAAAAGGCG 
letter-probability matrix: alength= 4 w= 12 nsites= 20 E= 1e-33 
0.986	0.012	0.001	0.001
0.001	0.001	0.997	0.001
0.986	0.012	0.001	0.001
0.001	0.001	0.997	0.001
0.997	0.001	0.001	0.001
0.997	0.001	0.001	0.001
0.986	0.001	0.001	0.012
0.997	0.001	0.001	0.001
0.026	0.013	0.948	0.013
0.013	0.001	0.719	0.267
0.001	0.973	0.001	0.025
0.039	0.067	0.893	0.001

