MEME version 4
ALPHABET= ACGT

MOTIF motif_10_15 14-CAACATGAAG 
letter-probability matrix: alength= 4 w= 10 nsites= 20 E= 1e-30 
0.001	0.997	0.001	0.001
0.997	0.001	0.001	0.001
0.855	0.046	0.001	0.098
0.129	0.802	0.068	0.001
0.997	0.001	0.001	0.001
0.001	0.045	0.001	0.953
0.001	0.001	0.997	0.001
0.905	0.093	0.001	0.001
0.968	0.001	0.03	0.001
0.124	0.001	0.874	0.001

MOTIF motif_Train7_15 16-CAACATGAAG 
letter-probability matrix: alength= 4 w= 10 nsites= 20 E= 1e-26 
0.001	0.979	0.012	0.008
0.997	0.001	0.001	0.001
0.906	0.001	0.001	0.092
0.098	0.827	0.045	0.03
0.997	0.001	0.001	0.001
0.022	0.001	0.001	0.976
0.001	0.027	0.964	0.008
0.951	0.047	0.001	0.001
0.997	0.001	0.001	0.001
0.153	0.03	0.75	0.067

MOTIF motif_Train3_15 19-CAACATGAAG 
letter-probability matrix: alength= 4 w= 10 nsites= 20 E= 1e-24 
0.001	0.968	0.03	0.001
0.965	0.015	0.019	0.001
0.895	0.032	0.001	0.072
0.081	0.878	0.04	0.001
0.978	0.001	0.008	0.013
0.027	0.02	0.009	0.944
0.001	0.031	0.967	0.001
0.84	0.158	0.001	0.001
0.968	0.001	0.019	0.012
0.152	0.001	0.809	0.038

MOTIF motif_Train9_17 17-CAACATGAAG 
letter-probability matrix: alength= 4 w= 10 nsites= 20 E= 1e-22 
0.001	0.989	0.001	0.009
0.989	0.009	0.001	0.001
0.915	0.01	0.01	0.065
0.146	0.789	0.064	0.001
0.997	0.001	0.001	0.001
0.001	0.025	0.021	0.953
0.001	0.001	0.982	0.016
0.893	0.105	0.001	0.001
0.977	0.001	0.001	0.021
0.115	0.019	0.826	0.04

MOTIF motif_Train8_17 18-CAACATGAAG 
letter-probability matrix: alength= 4 w= 10 nsites= 20 E= 1e-22 
0.001	0.961	0.021	0.017
0.968	0.017	0.014	0.001
0.846	0.014	0.017	0.123
0.07	0.835	0.061	0.034
0.997	0.001	0.001	0.001
0.045	0.001	0.001	0.953
0.001	0.001	0.99	0.008
0.899	0.099	0.001	0.001
0.965	0.001	0.001	0.033
0.112	0.001	0.81	0.077

MOTIF motif_Train2_14 17-TCAACATGAAGG 
letter-probability matrix: alength= 4 w= 12 nsites= 20 E= 1e-22 
0.086	0.058	0.001	0.855
0.002	0.854	0.143	0.001
0.997	0.001	0.001	0.001
0.771	0.114	0.001	0.114
0.145	0.683	0.115	0.057
0.884	0.001	0.001	0.114
0.028	0.001	0.143	0.828
0.001	0.03	0.968	0.001
0.96	0.038	0.001	0.001
0.884	0.001	0.001	0.114
0.092	0.057	0.736	0.115
0.086	0.172	0.597	0.145

