MEME version 4
ALPHABET= ACGT

MOTIF motif_Train9_8 10-GGGTGATAAAAA 
letter-probability matrix: alength= 4 w= 12 nsites= 20 E= 1e-46 
0.052	0.017	0.897	0.034
0.184	0.017	0.782	0.017
0.121	0.052	0.793	0.034
0.119	0.001	0.086	0.794
0.051	0.001	0.828	0.12
0.88	0.069	0.017	0.034
0.121	0.052	0.26	0.567
0.889	0.038	0.056	0.017
0.896	0.001	0.086	0.017
0.88	0.034	0.052	0.034
0.964	0.034	0.001	0.001
0.844	0.069	0.086	0.001

MOTIF motif_Train2_6 7-GGGTGATAAAAA 
letter-probability matrix: alength= 4 w= 12 nsites= 20 E= 1e-54 
0.126	0.001	0.872	0.001
0.001	0.126	0.872	0.001
0.126	0.001	0.872	0.001
0.001	0.001	0.001	0.997
0.185	0.038	0.776	0.001
0.997	0.001	0.001	0.001
0.001	0.007	0.405	0.587
0.617	0.128	0.254	0.001
0.997	0.001	0.001	0.001
0.997	0.001	0.001	0.001
0.872	0.126	0.001	0.001
0.997	0.001	0.001	0.001

MOTIF motif_Train5_8 9-GGGTGAGAAAAA 
letter-probability matrix: alength= 4 w= 12 nsites= 20 E= 1e-47 
0.01	0.001	0.988	0.001
0.001	0.001	0.997	0.001
0.01	0.001	0.988	0.001
0.001	0.001	0.001	0.997
0.001	0.001	0.997	0.001
0.997	0.001	0.001	0.001
0.001	0.01	0.709	0.28
0.783	0.215	0.001	0.001
0.997	0.001	0.001	0.001
0.997	0.001	0.001	0.001
0.988	0.01	0.001	0.001
0.997	0.001	0.001	0.001

MOTIF motif_Train3_6 8-GGGTDAGAAAAA 
letter-probability matrix: alength= 4 w= 12 nsites= 20 E= 1e-52 
0.001	0.001	0.921	0.077
0.001	0.001	0.997	0.001
0.001	0.001	0.997	0.001
0.001	0.001	0.001	0.997
0.311	0.078	0.3	0.311
0.997	0.001	0.001	0.001
0.001	0.077	0.594	0.328
0.672	0.326	0.001	0.001
0.997	0.001	0.001	0.001
0.921	0.001	0.077	0.001
0.921	0.077	0.001	0.001
0.997	0.001	0.001	0.001

MOTIF motif_10_8 9-GGGTGAGAAAAA 
letter-probability matrix: alength= 4 w= 12 nsites= 20 E= 1e-46 
0.01	0.001	0.988	0.001
0.001	0.01	0.988	0.001
0.01	0.001	0.988	0.001
0.001	0.001	0.001	0.997
0.001	0.01	0.988	0.001
0.997	0.001	0.001	0.001
0.001	0.01	0.68	0.309
0.775	0.223	0.001	0.001
0.997	0.001	0.001	0.001
0.997	0.001	0.001	0.001
0.988	0.01	0.001	0.001
0.997	0.001	0.001	0.001

MOTIF motif_Train7_5 8-GGGTBRBMAAAA 
letter-probability matrix: alength= 4 w= 12 nsites= 20 E= 1e-50 
0.084	0.042	0.725	0.149
0.075	0.074	0.809	0.042
0.32	0.021	0.648	0.011
0.042	0.001	0.053	0.904
0.117	0.276	0.3	0.307
0.521	0.011	0.414	0.054
0.043	0.234	0.363	0.36
0.459	0.467	0.042	0.032
0.863	0.021	0.074	0.042
0.926	0.021	0.032	0.021
0.586	0.403	0.01	0.001
0.788	0.106	0.085	0.021

MOTIF motif_Train4_7 9-GGGTGATAAAAA 
letter-probability matrix: alength= 4 w= 12 nsites= 20 E= 1e-46 
0.088	0.022	0.8	0.09
0.157	0.191	0.628	0.024
0.022	0.088	0.802	0.088
0.023	0.045	0.111	0.821
0.091	0.106	0.736	0.067
0.821	0.045	0.046	0.088
0.067	0.257	0.236	0.441
0.71	0.287	0.001	0.002
0.845	0.001	0.088	0.066
0.864	0.089	0.025	0.022
0.889	0.088	0.022	0.001
0.822	0.067	0.066	0.045

MOTIF motif_Train6_7 9-GGGTGAGAAAAA 
letter-probability matrix: alength= 4 w= 12 nsites= 20 E= 1e-49 
0.077	0.001	0.921	0.001
0.001	0.001	0.997	0.001
0.232	0.001	0.766	0.001
0.001	0.001	0.001	0.997
0.019	0.078	0.592	0.311
0.997	0.001	0.001	0.001
0.001	0.011	0.732	0.256
0.947	0.029	0.023	0.001
0.997	0.001	0.001	0.001
0.911	0.001	0.011	0.077
0.997	0.001	0.001	0.001
0.845	0.077	0.077	0.001

MOTIF motif_Train8_7 9-GGGTGAKCAAAA 
letter-probability matrix: alength= 4 w= 12 nsites= 20 E= 1e-51 
0.324	0.107	0.516	0.053
0.01	0.059	0.93	0.001
0.17	0.001	0.776	0.053
0.057	0.001	0.053	0.889
0.169	0.012	0.765	0.054
0.941	0.054	0.001	0.004
0.003	0.106	0.513	0.378
0.302	0.589	0.053	0.056
0.89	0.053	0.004	0.053
0.892	0.054	0.053	0.001
0.833	0.165	0.001	0.001
0.785	0.001	0.16	0.054

