MEME version 4
ALPHABET= ACGT

MOTIF motif_Train7_24 23-TCTTCAGGGA 
letter-probability matrix: alength= 4 w= 10 nsites= 20 E= 1e-14 
0.001	0.001	0.001	0.997
0.001	0.997	0.001	0.001
0.001	0.001	0.001	0.997
0.001	0.001	0.001	0.997
0.001	0.997	0.001	0.001
0.997	0.001	0.001	0.001
0.001	0.034	0.964	0.001
0.001	0.001	0.997	0.001
0.001	0.001	0.997	0.001
0.964	0.034	0.001	0.001

MOTIF motif_10_25 22-GTCTTCAGGGAC 
letter-probability matrix: alength= 4 w= 12 nsites= 20 E= 1e-17 
0.24	0.001	0.758	0.001
0.001	0.001	0.001	0.997
0.001	0.965	0.001	0.033
0.001	0.001	0.001	0.997
0.001	0.001	0.001	0.997
0.001	0.997	0.001	0.001
0.997	0.001	0.001	0.001
0.001	0.001	0.997	0.001
0.033	0.001	0.965	0.001
0.033	0.001	0.965	0.001
0.965	0.001	0.033	0.001
0.001	0.861	0.001	0.137

MOTIF motif_Train1_19 22-GTCTTCAGGGAC 
letter-probability matrix: alength= 4 w= 12 nsites= 20 E= 1e-15 
0.001	0.001	0.997	0.001
0.001	0.001	0.001	0.997
0.001	0.997	0.001	0.001
0.001	0.001	0.001	0.997
0.001	0.001	0.001	0.997
0.001	0.997	0.001	0.001
0.997	0.001	0.001	0.001
0.203	0.001	0.795	0.001
0.011	0.001	0.987	0.001
0.001	0.001	0.997	0.001
0.591	0.204	0.204	0.001
0.001	0.585	0.001	0.413

MOTIF motif_Train5_21 20-GTCTTCAGGGAC 
letter-probability matrix: alength= 4 w= 12 nsites= 20 E= 1e-19 
0.045	0.074	0.844	0.037
0.001	0.037	0.037	0.925
0.001	0.924	0.037	0.038
0.001	0.001	0.036	0.962
0.037	0.074	0.001	0.888
0.001	0.925	0.037	0.037
0.776	0.186	0.001	0.037
0.149	0.074	0.703	0.074
0.15	0.074	0.702	0.074
0.001	0.001	0.962	0.036
0.738	0.149	0.076	0.037
0.149	0.697	0.037	0.117

MOTIF motif_Train6_26 22-GTCTTCAGGGAC 
letter-probability matrix: alength= 4 w= 12 nsites= 20 E= 1e-14 
0.249	0.001	0.749	0.001
0.001	0.001	0.001	0.997
0.001	0.963	0.001	0.035
0.001	0.001	0.001	0.997
0.035	0.001	0.001	0.963
0.001	0.997	0.001	0.001
0.997	0.001	0.001	0.001
0.001	0.001	0.997	0.001
0.035	0.001	0.963	0.001
0.035	0.001	0.963	0.001
0.963	0.001	0.035	0.001
0.001	0.856	0.001	0.142

MOTIF motif_Train4_22 20-GTCTTCAGGGAC 
letter-probability matrix: alength= 4 w= 12 nsites= 20 E= 1e-19 
0.099	0.001	0.813	0.087
0.001	0.001	0.043	0.955
0.001	0.866	0.043	0.09
0.001	0.001	0.087	0.911
0.003	0.043	0.001	0.953
0.001	0.997	0.001	0.001
0.775	0.137	0.001	0.087
0.181	0.09	0.642	0.087
0.222	0.09	0.554	0.134
0.001	0.001	0.997	0.001
0.728	0.14	0.088	0.044
0.131	0.776	0.001	0.092

MOTIF motif_Train3_18 20-GTCTTCAGGGAC 
letter-probability matrix: alength= 4 w= 12 nsites= 20 E= 1e-19 
0.036	0.001	0.962	0.001
0.001	0.001	0.001	0.997
0.001	0.828	0.001	0.17
0.001	0.001	0.001	0.997
0.17	0.001	0.001	0.828
0.001	0.997	0.001	0.001
0.997	0.001	0.001	0.001
0.001	0.001	0.997	0.001
0.17	0.001	0.828	0.001
0.17	0.001	0.828	0.001
0.828	0.001	0.17	0.001
0.001	0.972	0.001	0.026

